#chemical potential mu= 3.2 U= 6.0
#T,|m|,n,iteration times
0.01 0.544132047991 1.02134360029 47
0.0610256410256 0.544321666036 1.02107060702 2
0.112051282051 0.541807057875 1.02116028108 15
0.163076923077 0.536991420557 1.02127973946 19
0.214102564103 0.529725478205 1.02146928577 22
0.265128205128 0.519320535331 1.02174545673 25
0.316153846154 0.504891708022 1.02211233212 29
0.367179487179 0.485511840629 1.02256084532 34
0.418205128205 0.460139258867 1.02307683413 39
0.469230769231 0.427198224939 1.02364863 48
0.520256410256 0.384595843714 1.0242621041 60
0.571282051282 0.328330181928 1.02490739853 82
0.622307692308 0.249356489201 1.02557387513 131
0.673333333333 0.125305879387 1.02616795785 200
0.724358974359 0.0174011181076 1.02613336075 200
0.775384615385 0.00243314544702 1.02583566553 99
0.82641025641 0.00156267370202 1.02554634254 15
0.877435897436 0.00115638165169 1.02526765132 8
0.928461538462 0.000928755275869 1.0249975112 5
0.979487179487 0.000762326679495 1.02473421074 4
1.03051282051 0.000651878706736 1.02447558358 3
1.08153846154 0.000547551381386 1.02422220889 3
1.13256410256 0.000492635770318 1.02395671764 2
1.18358974359 0.000439442987403 1.02370801452 2
1.23461538462 0.000388698470861 1.02346323288 2
1.28564102564 0.000340968976472 1.0232210905 2
1.33666666667 0.000296665431345 1.02298130338 2
1.38769230769 0.000256051770376 1.02274374172 2
1.43871794872 0.000219258563234 1.02250834114 2
1.48974358974 0.000186300021612 1.02227508113 2
1.54076923077 0.000157092986211 1.02204397232 2
1.59179487179 0.000131476608156 1.02181504691 2
1.64282051282 0.000109231626908 1.02158835124 2
1.69384615385 9.00983751567e-05 1.02136393997 2
1.74487179487 7.37928848406e-05 1.02114187173 2
1.7958974359 6.0020704339e-05 1.02092220581 2
1.84692307692 4.84882487957e-05 1.0207049997 2
1.89794871795 3.89116822093e-05 1.02049030737 2
1.94897435897 3.10234666914e-05 1.02027817807 2
2.0 2.45768104107e-05 1.02006865554 2
