#chemical potential mu= 3.4 U= 6.0
#T,|m|,n,iteration times
0.01 0.541714438793 1.04915300985 42
0.0610256410256 0.541522847204 1.04882481503 4
0.112051282051 0.538538604603 1.0489725899 16
0.163076923077 0.533474634226 1.04923344507 20
0.214102564103 0.52584424983 1.04964581291 23
0.265128205128 0.514893797055 1.05024174864 26
0.316153846154 0.499745710527 1.05102606389 30
0.367179487179 0.479477392263 1.0519793669 35
0.418205128205 0.452989226849 1.05307291913 41
0.469230769231 0.418718739805 1.05427998223 50
0.520256410256 0.374331213807 1.05557347746 63
0.571282051282 0.315339642111 1.05693263793 88
0.622307692308 0.230950429954 1.05833344769 148
0.673333333333 0.101033882489 1.059430998 200
0.724358974359 0.0105161333117 1.05913545958 200
0.775384615385 0.00225360711217 1.05847777796 72
0.82641025641 0.00146508165109 1.05783916977 14
0.877435897436 0.00112008880093 1.05721870585 7
0.928461538462 0.000895526690603 1.05661284792 5
0.979487179487 0.000732745062684 1.05601869725 4
1.03051282051 0.000625376953612 1.05543211848 3
1.08153846154 0.000524330741747 1.05485519959 3
1.13256410256 0.000471358249311 1.0542485438 2
1.18358974359 0.000381714520783 1.0537205651 3
1.23461538462 0.000303926703516 1.05316200188 3
1.28564102564 0.000237989406967 1.05260811997 3
1.33666666667 0.000183324694319 1.0520590049 3
1.38769230769 0.000138955193146 1.05151457716 3
1.43871794872 0.000103665738687 1.05097484492 3
1.48974358974 7.61410772151e-05 1.05043988054 3
1.54076923077 5.50735735402e-05 1.04990979991 3
1.59179487179 3.92396911103e-05 1.04938474619 3
1.64282051282 2.7547608946e-05 1.04886487727 3
1.69384615385 1.90605883904e-05 1.0483503562 3
1.74487179487 1.30017181769e-05 1.04784134407 3
1.7958974359 8.74570745113e-06 1.04733799476 3
1.84692307692 5.80277982587e-06 1.0468404513 3
1.89794871795 3.79874962575e-06 1.04634884333 3
1.94897435897 2.45428081691e-06 1.04586328565 3
2.0 1.5653134251e-06 1.04538387733 3
