#chemical potential mu= 1.4 U= 6.0
#T,|m|,n,iteration times
0.01 0.408835193345 0.753237775266 67
0.0610256410256 0.403738957076 0.751904647543 31
0.112051282051 0.379247654542 0.74692844168 68
0.163076923077 0.319884000469 0.735594356527 172
0.214102564103 0.209152114461 0.718181378058 200
0.265128205128 0.124053186089 0.710780425028 200
0.316153846154 0.0695919413703 0.710195127005 200
0.367179487179 0.0273778879091 0.712092344993 200
0.418205128205 0.00592217490923 0.715053781502 184
0.469230769231 0.00362266834197 0.718136856259 37
0.520256410256 0.00247974867263 0.721139186668 20
0.571282051282 0.001841720732 0.724060997953 12
0.622307692308 0.00144363773092 0.726910430004 8
0.673333333333 0.001164546146 0.729698001257 6
0.724358974359 0.000948523432432 0.732434487403 5
0.775384615385 0.000791526535812 0.73513005062 4
0.82641025641 0.000687012210463 0.737800601716 3
0.877435897436 0.000586873487554 0.740438584767 3
0.928461538462 0.000493391305052 0.743055550301 3
0.979487179487 0.000408231712232 0.745655154673 3
1.03051282051 0.000332434544832 0.748239784829 3
1.08153846154 0.000266451928005 0.750810796623 3
1.13256410256 0.00021022577977 0.753368721109 3
1.18358974359 0.000163289859292 0.755913450924 3
1.23461538462 0.000124881998435 0.758444402188 3
1.28564102564 9.40540393392e-05 0.760960651034 3
1.33666666667 6.9770035363e-05 0.763461045953 3
1.38769230769 5.09867683458e-05 0.765944298269 3
1.43871794872 3.67139909357e-05 0.768409053491 3
1.48974358974 2.60545911067e-05 0.770853946391 3
1.54076923077 1.53769399447e-05 0.773242550787 4
1.59179487179 8.88496227452e-06 0.775642089567 4
1.64282051282 5.02792097767e-06 0.778018199663 4
1.69384615385 2.78754299987e-06 0.780369665222 4
1.74487179487 1.51464249215e-06 0.782695497529 4
1.7958974359 8.06883088955e-07 0.784994816098 4
1.84692307692 4.21580175214e-07 0.787266849103 4
1.89794871795 2.16110627616e-07 0.78951093182 4
1.94897435897 1.08731500248e-07 0.791726503269 4
2.0 5.37123375222e-08 0.793913101561 4
