#chemical potential mu= 2.6 U= 6.0
#T,|m|,n,iteration times
0.01 0.537799998191 0.937860921196 41
0.0610256410256 0.537885286014 0.93800498888 2
0.112051282051 0.535123967216 0.937837950077 15
0.163076923077 0.530010862994 0.937551805102 20
0.214102564103 0.522332083007 0.937105618549 23
0.265128205128 0.511323825882 0.936466629636 26
0.316153846154 0.496102622136 0.935629561603 30
0.367179487179 0.475738775574 0.934612965306 35
0.418205128205 0.449119962955 0.933445037362 41
0.469230769231 0.414657405212 0.93215210984 50
0.520256410256 0.369917279026 0.930760958576 64
0.571282051282 0.310361378701 0.92929623689 89
0.622307692308 0.22450953737 0.927781990674 152
0.673333333333 0.0933569995715 0.926658204866 200
0.724358974359 0.00873051264327 0.927084522549 200
0.775384615385 0.00218288602173 0.927863496971 63
0.82641025641 0.00145350248555 0.9286286064 13
0.877435897436 0.00110700509493 0.929380546126 7
0.928461538462 0.000882822430082 0.930121860888 5
0.979487179487 0.000720988523919 0.930854586899 4
1.03051282051 0.000614581985339 0.93158258818 3
1.08153846154 0.000514653571691 0.932302131292 3
1.13256410256 0.000423508432772 0.933015913756 3
1.18358974359 0.000342565492126 0.93372427915 3
1.23461538462 0.000272444943361 0.934427360725 3
1.28564102564 0.000213100583472 0.935125142811 3
1.33666666667 0.000163974958044 0.935817503002 3
1.38769230769 0.000124157640978 0.936504245805 3
1.43871794872 9.25312923986e-05 0.937185129166 3
1.48974358974 6.78952924319e-05 0.937859885086 3
1.54076923077 4.9061814986e-05 0.938528235394 3
1.59179487179 3.49235124461e-05 0.939189903589 3
1.64282051282 2.4495161083e-05 0.939844623518 3
1.69384615385 1.69335720351e-05 0.940492145536 3
1.74487179487 1.15409213264e-05 0.941132240672 3
1.7958974359 7.75663617614e-06 0.941764703248 3
1.84692307692 5.14238166094e-06 0.942389352301 3
1.89794871795 3.36379341215e-06 0.943006032092 3
1.94897435897 2.17161938926e-06 0.943614611938 3
2.0 1.38401774746e-06 0.944214985541 3
