#chemical potential mu= 2.0 U= 6.0
#T,|m|,n,iteration times
0.01 0.505564946458 0.852284211343 45
0.0610256410256 0.503799759193 0.851923427854 14
0.112051282051 0.499537084853 0.851359731679 20
0.163076923077 0.491980777905 0.850323425599 24
0.214102564103 0.480146638485 0.848686710861 29
0.265128205128 0.463351071756 0.84644727793 34
0.316153846154 0.440838346572 0.84368676278 41
0.367179487179 0.411684708805 0.840531554284 49
0.418205128205 0.374250337879 0.837096786356 60
0.469230769231 0.325479036196 0.833471227657 80
0.520256410256 0.259106207426 0.829743960939 119
0.571282051282 0.157937880654 0.826132594619 200
0.622307692308 0.0403860905881 0.825243998409 200
0.673333333333 0.00321796188213 0.826970920433 166
0.724358974359 0.00192367059864 0.828823035717 21
0.775384615385 0.00138786448433 0.83063003592 10
0.82641025641 0.0010498476963 0.832400754735 7
0.877435897436 0.000835407640545 0.834142482257 5
0.928461538462 0.000725273948506 0.835866179093 3
0.979487179487 0.000618735556721 0.83756680925 3
1.03051282051 0.000518806131104 0.839251443817 3
1.08153846154 0.000427658601321 0.840922184512 3
1.13256410256 0.000346637827056 0.84258035395 3
1.18358974359 0.000276335461363 0.844226676261 3
1.23461538462 0.000216708565349 0.845861418029 3
1.28564102564 0.000167221935137 0.847484505172 3
1.33666666667 0.000126995789412 0.849095618399 3
1.38769230769 9.49440625441e-05 0.850694270059 3
1.43871794872 6.98931161429e-05 0.852279865091 3
1.48974358974 5.06753518298e-05 0.853851748662 3
1.54076923077 3.61963095425e-05 0.855409242771 3
1.59179487179 2.54769675777e-05 0.85695167383 3
1.64282051282 1.76749797495e-05 0.858478392942 3
1.69384615385 1.20895580139e-05 0.859988790347 3
1.74487179487 8.15483528532e-06 0.861482305222 3
1.7958974359 5.42608121368e-06 0.862958431878 3
1.84692307692 3.56234987942e-06 0.864416723131 3
1.89794871795 2.30822656305e-06 0.865856791553 3
1.94897435897 1.4764663866e-06 0.867278309111 3
2.0 9.32572757628e-07 0.868681005633 3
