#chemical potential mu= 2.8 U= 6.0
#T,|m|,n,iteration times
0.01 0.541078004759 0.965998835019 47
0.0610256410256 0.542543257964 0.965803570743 11
0.112051282051 0.540132555771 0.965730664911 14
0.163076923077 0.535276846158 0.965589100228 19
0.214102564103 0.527986122518 0.965370141824 22
0.265128205128 0.517554457076 0.965056240402 25
0.316153846154 0.503091461081 0.964642859798 29
0.367179487179 0.483666183153 0.96413717082 34
0.418205128205 0.45819142526 0.963551567088 40
0.469230769231 0.425200797694 0.962898804895 48
0.520256410256 0.382458220117 0.962191401905 60
0.571282051282 0.325944085233 0.961440583489 82
0.622307692308 0.246329016844 0.960658505882 133
0.673333333333 0.121333910239 0.959972477026 200
0.724358974359 0.0160330875406 0.960072737398 200
0.775384615385 0.00240614708114 0.960489848936 94
0.82641025641 0.00153854672869 0.960905226869 15
0.877435897436 0.00113600447924 0.961315105941 8
0.928461538462 0.000911234302157 0.961720534407 5
0.979487179487 0.0007472411858 0.96212233501 4
1.03051282051 0.000638583950899 0.962522349158 3
1.08153846154 0.000536058452809 0.9629184182 3
1.13256410256 0.000482154407038 0.963336887781 2
1.18358974359 0.00042997040382 0.963731392209 2
1.23461538462 0.000380213761314 0.964121374953 2
1.28564102564 0.000333435664933 0.964508289572 2
1.33666666667 0.000290034423481 0.964892138264 2
1.38769230769 0.000250264375001 0.965272776241 2
1.43871794872 0.00021424942591 0.965650034194 2
1.48974358974 0.000181999850553 0.966023737781 2
1.54076923077 0.000131751460653 0.966356613192 3
1.59179487179 0.000110242425256 0.966754419499 2
1.64282051282 7.74546055239e-05 0.967083488095 3
1.69384615385 6.38738878582e-05 0.967473675495 2
1.74487179487 4.36023794192e-05 0.967794190529 3
1.7958974359 2.93507319794e-05 0.968142170162 3
1.84692307692 1.94879754951e-05 0.968486594879 3
1.89794871795 1.27664548861e-05 0.968826545059 3
1.94897435897 8.25364010471e-06 0.969161927323 3
2.0 5.26753052982e-06 0.969492686056 3
