#chemical potential mu= 4.0 U= 6.0
#T,|m|,n,iteration times
0.01 0.517059641632 1.13328851653 37
0.0610256410256 0.512940272026 1.13425738928 19
0.112051282051 0.508761990307 1.13478606034 20
0.163076923077 0.501373723705 1.13576112927 24
0.214102564103 0.489762172181 1.13731361903 29
0.265128205128 0.473228344264 1.1394540344 34
0.316153846154 0.45106308693 1.14210572913 40
0.367179487179 0.422305040791 1.14515607943 48
0.418205128205 0.385445002145 1.14849081475 59
0.469230769231 0.337726492518 1.15201699184 77
0.520256410256 0.273486663823 1.15565343058 112
0.571282051282 0.176904189725 1.15927824118 200
0.622307692308 0.0546367593744 1.16071997932 200
0.673333333333 0.00358398476783 1.15924096952 198
0.724358974359 0.00206229196587 1.15750727806 24
0.775384615385 0.00141434381259 1.15582445506 12
0.82641025641 0.00108031102146 1.15418281057 7
0.877435897436 0.000865228700574 1.15257420277 5
0.928461538462 0.000753576871901 1.15098749359 3
0.979487179487 0.000644919414956 1.14942581102 3
1.03051282051 0.00054244812743 1.14788192385 3
1.08153846154 0.000448515861782 1.14635313638 3
1.13256410256 0.000364633368959 1.14483760243 3
1.18358974359 0.000291532896599 1.14333414177 3
1.23461538462 0.000229280384795 1.14184209336 3
1.28564102564 0.000177415888198 1.14036119236 3
1.33666666667 0.000135103036591 1.13889146874 3
1.38769230769 0.000101271678721 1.13743316479 3
1.43871794872 7.4742381472e-05 1.13598666893 3
1.48974358974 5.43262549805e-05 1.13455246332 3
1.54076923077 3.88979094565e-05 1.13313108294 3
1.59179487179 2.74427522279e-05 1.1317230842 3
1.64282051282 1.90821095765e-05 1.13032902125 3
1.69384615385 1.30808399068e-05 1.1289494285 3
1.74487179487 8.84237773713e-06 1.12758480826 3
1.7958974359 5.89576929444e-06 1.12623562216 3
1.84692307692 3.87849743466e-06 1.12490228581 3
1.89794871795 2.51797447637e-06 1.12358516577 3
1.94897435897 1.61367624141e-06 1.12228457838 3
2.0 1.02110478784e-06 1.12100078998 3
