#chemical potential mu= 3.6 U= 6.0
#T,|m|,n,iteration times
0.01 0.536740140357 1.0771716256 41
0.0610256410256 0.535446267398 1.07680670128 12
0.112051282051 0.532258234424 1.07704636894 17
0.163076923077 0.526828533989 1.07747360892 20
0.214102564103 0.518471103341 1.07815484216 24
0.265128205128 0.506461380272 1.07913082544 28
0.316153846154 0.48998476475 1.08039694161 32
0.367179487179 0.468089437223 1.08191839692 37
0.418205128205 0.439594045162 1.08364860853 44
0.469230769231 0.402826708406 1.08554197479 54
0.520256410256 0.355016719726 1.08755728631 70
0.571282051282 0.2906451168 1.08965888413 101
0.622307692308 0.194150128141 1.09180744428 191
0.673333333333 0.0623189615182 1.09288302101 200
0.724358974359 0.00380260776513 1.09206077296 200
0.775384615385 0.0019929951872 1.0910481992 27
0.82641025641 0.00139070497738 1.09006605422 11
0.877435897436 0.00104949108296 1.08910859169 7
0.928461538462 0.00083243236148 1.08817097958 5
0.979487179487 0.00072083814324 1.08724651298 3
1.03051282051 0.000613122716539 1.08633741782 3
1.08153846154 0.000512391961948 1.08543934166 3
1.13256410256 0.000420843635964 1.08455073402 3
1.18358974359 0.000339795366515 1.08367052876 3
1.23461538462 0.000269777145397 1.08279803468 3
1.28564102564 0.000210666732502 1.08193285075 3
1.33666666667 0.000161846030719 1.08107479624 3
1.38769230769 0.000122359080047 1.0802238538 3
1.43871794872 9.10567205138e-05 1.07938012364 3
1.48974358974 6.67181434398e-05 1.07854378697 3
1.54076923077 4.81445789571e-05 1.07771507724 3
1.59179487179 3.42246005508e-05 1.07689425777 3
1.64282051282 2.39736149665e-05 1.07608160458 3
1.69384615385 1.65519703049e-05 1.07527739355 3
1.74487179487 1.12668849449e-05 1.0744818909 3
1.7958974359 7.56332534291e-06 1.07369534638 3
1.84692307692 5.00832868333e-06 1.07291798869 3
1.89794871795 3.27234953756e-06 1.07215002247 3
1.94897435897 2.11022239383e-06 1.07139162666 3
2.0 1.3434213173e-06 1.07064295381 3
