#chemical potential mu= 1.8 U= 6.0
#T,|m|,n,iteration times
0.01 0.482964200005 0.821372734748 78
0.0610256410256 0.482986034439 0.821461267738 1
0.112051282051 0.477520364246 0.820556686035 23
0.163076923077 0.467390965028 0.818909697105 29
0.214102564103 0.451583167206 0.816369270834 36
0.265128205128 0.429659655177 0.813043321883 43
0.316153846154 0.401039145897 0.809133127224 52
0.367179487179 0.364566376267 0.804854045951 64
0.418205128205 0.317648881515 0.800369938841 84
0.469230769231 0.254638331799 0.795811486579 123
0.520256410256 0.160672486678 0.791442272021 200
0.571282051282 0.0484754500603 0.790077463879 200
0.622307692308 0.00361580888096 0.792038862252 192
0.673333333333 0.00211875957677 0.794266912571 24
0.724358974359 0.00147321405315 0.796436084308 12
0.775384615385 0.00113650455312 0.798557487431 7
0.82641025641 0.000917516093587 0.8006406845 5
0.877435897436 0.000757934032108 0.802693644801 4
0.928461538462 0.000651974457764 0.804728630383 3
0.979487179487 0.00055134968781 0.806738185984 3
1.03051282051 0.000458452157791 0.808730784497 3
1.08153846154 0.000374892027278 0.810708539866 3
1.13256410256 0.000301537929743 0.812672712025 3
1.18358974359 0.00023860707377 0.814623910377 3
1.23461538462 0.000185787445192 0.816562249013 3
1.28564102564 0.000142374148833 0.81848747601 3
1.33666666667 0.000107404260589 0.820399079305 3
1.38769230769 7.97783139387e-05 0.822296371994 3
1.43871794872 5.83608641713e-05 0.824178559944 3
1.48974358974 4.20567179393e-05 0.826044794524 3
1.54076923077 2.98628630389e-05 0.827894212964 3
1.59179487179 2.08986088677e-05 0.829725968592 3
1.64282051282 1.44179028729e-05 0.831539252877 3
1.69384615385 9.80834058933e-06 0.833333310911 3
1.74487179487 6.58124852199e-06 0.835107451708 3
1.7958974359 4.35663549114e-06 0.836861054448 3
1.84692307692 2.84600177741e-06 0.838593571596 3
1.89794871795 1.48616148843e-06 0.840272401524 4
1.94897435897 7.61308118824e-07 0.841960519649 4
2.0 3.82718292835e-07 0.843626639355 4
