#chemical potential mu= 4.2 U= 6.0
#T,|m|,n,iteration times
0.01 0.491932458868 1.16423986004 53
0.0610256410256 0.493950779612 1.1643741963 15
0.112051282051 0.489266785448 1.16512788333 21
0.163076923077 0.479433590284 1.16667182163 29
0.214102564103 0.464084732152 1.16907010055 35
0.265128205128 0.442633483075 1.17224887448 42
0.316153846154 0.414590344688 1.17601822319 50
0.367179487179 0.378811382452 1.18018394627 62
0.418205128205 0.333081954694 1.18457317303 80
0.469230769231 0.272468488878 1.18905985156 114
0.520256410256 0.18344395695 1.19350951959 200
0.571282051282 0.0678371986759 1.19566934888 200
0.622307692308 0.00639094764379 1.19411283861 200
0.673333333333 0.00233659472302 1.19200253266 49
0.724358974359 0.00161123372491 1.1899538698 13
0.775384615385 0.00121036731127 1.18795818887 8
0.82641025641 0.000984848740983 1.18600511139 5
0.877435897436 0.000818343473317 1.18408592896 4
0.928461538462 0.000662635376912 1.18219435019 4
0.979487179487 0.000562507419315 1.18031773008 3
1.03051282051 0.00046948703298 1.17846558075 3
1.08153846154 0.000385329841438 1.17662930912 3
1.13256410256 0.000311050593993 1.17480713923 3
1.18358974359 0.000247001116975 1.17299803595 3
1.23461538462 0.00019298386918 1.17120151658 3
1.28564102564 0.000148383802311 1.16941751602 3
1.33666666667 0.000112302329736 1.16764627555 3
1.38769230769 8.36806520443e-05 1.16588825236 3
1.43871794872 6.14039089692e-05 1.16414404718 3
1.48974358974 4.43818362993e-05 1.16241434708 3
1.54076923077 3.16052252693e-05 1.1606998812 3
1.59179487179 2.2180175792e-05 1.15900138686 3
1.64282051282 1.53438092263e-05 1.1573195844 3
1.69384615385 1.04658441109e-05 1.15565515886 3
1.74487179487 7.04043756994e-06 1.15400874722 3
1.7958974359 4.67219694711e-06 1.15238093 3
1.84692307692 3.05950028701e-06 1.15077222622 3
1.89794871795 1.97742109564e-06 1.149183091 3
1.94897435897 1.26176356252e-06 1.14761391514 3
2.0 6.36414440924e-07 1.14609584242 4
