#chemical potential mu= 4.4 U= 6.0
#T,|m|,n,iteration times
0.01 0.474304701955 1.19575513994 38
0.0610256410256 0.468301651686 1.19608143594 25
0.112051282051 0.460283783921 1.19750563333 29
0.163076923077 0.444946164837 1.20025746854 38
0.214102564103 0.421380891276 1.20433435167 49
0.265128205128 0.38972976091 1.20937253898 62
0.316153846154 0.349796272106 1.21491174721 79
0.367179487179 0.299776695323 1.22056553373 104
0.418205128205 0.233728006445 1.22610856938 155
0.469230769231 0.141196334546 1.23078190953 200
0.520256410256 0.0426980062735 1.23164737761 200
0.571282051282 0.00390842262601 1.22939428883 190
0.622307692308 0.00235413087129 1.22691406403 25
0.673333333333 0.00164423322394 1.22450929237 13
0.724358974359 0.00125059015853 1.22216738586 8
0.775384615385 0.0010273783596 1.2198765561 5
0.82641025641 0.000861041025075 1.21762650228 4
0.877435897436 0.00070383467216 1.21540942739 4
0.928461538462 0.000601702945576 1.21321071412 3
0.979487179487 0.000505923678571 1.2110398937 3
1.03051282051 0.000418427453016 1.20888703485 3
1.08153846154 0.000340436966587 1.20674974613 3
1.13256410256 0.00027251607132 1.20462657738 3
1.18358974359 0.000214660327083 1.20251679947 3
1.23461538462 0.000166413445516 1.20042023779 3
1.28564102564 0.00012699345336 1.19833713158 3
1.33666666667 9.54148166659e-05 1.19626801759 3
1.38769230769 7.05963687582e-05 1.19421363544 3
1.43871794872 5.14488839962e-05 1.19217485215 3
1.48974358974 3.69398751184e-05 1.1901526028 3
1.54076923077 2.61362172721e-05 1.18814784483 3
1.59179487179 1.82273026902e-05 1.18616152353 3
1.64282051282 1.25325930126e-05 1.1841945467 3
1.69384615385 8.49779522893e-06 1.18224776665 3
1.74487179487 4.68845134693e-06 1.18035451866 4
1.7958974359 2.53499117497e-06 1.17845157013 4
1.84692307692 1.34371771399e-06 1.17657068485 4
1.89794871795 6.98533166532e-07 1.1747125774 4
1.94897435897 3.56267092716e-07 1.17287772034 4
2.0 1.78334518264e-07 1.17106650821 4
