#chemical potential mu= 3.0 U= 6.0
#T,|m|,n,iteration times
0.01 0.544004929768 0.993737311216 50
0.0610256410256 0.544718006741 0.99346310176 7
0.112051282051 0.542338738196 0.993458451632 14
0.163076923077 0.537559961288 0.993448056195 19
0.214102564103 0.530397923586 0.993433870345 22
0.265128205128 0.520156344079 0.993415874802 25
0.316153846154 0.505945988003 0.993393627346 29
0.367179487179 0.4868741349 0.99336622525 33
0.418205128205 0.461787255689 0.993332639987 39
0.469230769231 0.42928246958 0.993292537653 47
0.520256410256 0.387187572456 0.993245988515 59
0.571282051282 0.331696578448 0.993193391248 80
0.622307692308 0.254116170013 0.993135683569 127
0.673333333333 0.132085008576 0.993082496913 200
0.724358974359 0.0197861222785 0.993101218581 200
0.775384615385 0.00246568225536 0.993160141441 107
0.82641025641 0.00159153077087 0.993223093815 15
0.877435897436 0.00118031705793 0.993288637962 8
0.928461538462 0.000903237269771 0.99335625213 6
0.979487179487 0.000741927723699 0.993425488972 4
1.03051282051 0.000634712753383 0.993496175756 3
1.08153846154 0.000533350415984 0.993567533896 3
1.13256410256 0.000479943243394 0.993644006804 2
1.18358974359 0.00042819285489 0.993716932096 2
1.23461538462 0.000378808514843 0.99378956914 2
1.28564102564 0.000332345052214 0.993861997061 2
1.33666666667 0.000289205438989 0.99393407326 2
1.38769230769 0.000249649322557 0.99400565954 2
1.43871794872 0.000213806244096 0.994076638368 2
1.48974358974 0.000181692164052 0.994146911741 2
1.54076923077 0.000153227930773 0.994216398748 2
1.59179487179 0.000128258440354 0.994285033281 2
1.64282051282 0.000106571416139 0.994352762016 2
1.69384615385 8.79149594625e-05 0.994419542632 2
1.74487179487 7.20132590258e-05 0.994485342277 2
1.7958974359 5.85800766403e-05 0.994550136219 2
1.84692307692 4.73298332139e-05 0.994613906681 2
1.89794871795 3.79862917067e-05 0.994676641833 2
1.94897435897 3.02889668287e-05 0.994738334913 2
2.0 2.39974859584e-05 0.994798983478 2
