#chemical potential mu= 4.6 U= 6.0
#T,|m|,n,iteration times
0.01 0.424679467208 1.2310623911 74
0.0610256410256 0.424640854201 1.23170898431 2
0.112051282051 0.40516322046 1.23556344531 55
0.163076923077 0.362651595222 1.24365633382 103
0.214102564103 0.286017451154 1.25658008993 200
0.265128205128 0.201212820076 1.2672783445 200
0.316153846154 0.130005785586 1.27199379242 200
0.367179487179 0.0653420324786 1.27274050685 200
0.418205128205 0.0180952272921 1.27074843912 200
0.469230769231 0.0043878039899 1.26783547198 127
0.520256410256 0.00283898558531 1.26493903832 26
0.571282051282 0.00202056572674 1.26212745003 15
0.622307692308 0.00156475662766 1.25939321569 9
0.673333333333 0.00123203576482 1.25672577174 7
0.724358974359 0.00101430667545 1.25411390357 5
0.775384615385 0.000853271163081 1.25154696282 4
0.82641025641 0.000744574045267 1.24900928194 3
0.877435897436 0.000639420198863 1.24650603943 3
0.928461538462 0.000540381441005 1.24402590593 3
0.979487179487 0.000449412522807 1.24156466649 3
1.03051282051 0.000367816843619 1.23911942094 3
1.08153846154 0.000296268277386 1.23668835329 3
1.13256410256 0.00023487893434 1.23427052514 3
1.18358974359 0.000183298168812 1.23186568702 3
1.23461538462 0.000140827431813 1.22947411291 3
1.28564102564 0.000106536964106 1.22709645975 3
1.33666666667 7.93732012162e-05 1.22473365089 3
1.38769230769 5.82493725463e-05 1.22238678143 3
1.43871794872 4.21154342813e-05 1.22005704306 3
1.48974358974 3.00066568082e-05 1.21774566525 3
1.54076923077 2.10725807288e-05 1.21545387054 3
1.59179487179 1.22450577515e-05 1.21321701117 4
1.64282051282 6.96754087426e-06 1.21096940649 4
1.69384615385 3.88352236802e-06 1.20874448611 4
1.74487179487 2.12107806474e-06 1.20654332603 4
1.7958974359 1.13561318804e-06 1.20436677525 4
1.84692307692 5.96219587368e-07 1.20221558371 4
1.89794871795 3.0707422094e-07 1.20009040305 4
1.94897435897 1.55203197294e-07 1.19799178873 4
2.0 7.70080818002e-08 1.19592020357 4
