#chemical potential mu= 2.4 U= 6.0
#T,|m|,n,iteration times
0.01 0.531801091615 0.909596553315 41
0.0610256410256 0.530297291276 0.909882151746 12
0.112051282051 0.527042786005 0.909622915564 17
0.163076923077 0.521547970405 0.909165313931 20
0.214102564103 0.513109829691 0.90844158592 24
0.265128205128 0.501000020568 0.907412046679 28
0.316153846154 0.484401922419 0.906082085983 32
0.367179487179 0.462349038506 0.904487130112 37
0.418205128205 0.433634289302 0.902673773314 44
0.469230769231 0.396495489142 0.900686715674 55
0.520256410256 0.348135769502 0.898572846501 71
0.571282051282 0.282608934146 0.896364706565 104
0.622307692308 0.182949285887 0.894113632592 200
0.673333333333 0.0529003369929 0.893197829117 200
0.724358974359 0.00328393227114 0.894185460596 187
0.775384615385 0.00190320454986 0.895319579254 22
0.82641025641 0.00131545476995 0.896428913921 11
0.877435897436 0.00103197299202 0.89751830957 6
0.928461538462 0.000815416927095 0.898591635187 5
0.979487179487 0.000704772334083 0.899655284596 3
1.03051282051 0.000598343928114 0.900705347647 3
1.08153846154 0.000499128481812 0.901745914346 3
1.13256410256 0.000409216494949 0.902777955414 3
1.18358974359 0.000329829191931 0.903802032398 3
1.23461538462 0.000261417028451 0.904818401223 3
1.28564102564 0.00020379811237 0.905827089642 3
1.33666666667 0.000156314942453 0.906827960109 3
1.38769230769 0.000117990716762 0.907820760192 3
1.43871794872 8.76709717382e-05 0.908805162501 3
1.48974358974 6.41414610509e-05 0.909780795861 3
1.54076923077 4.62181000555e-05 0.910747269298 3
1.59179487179 3.28088754861e-05 0.911704190148 3
1.64282051282 2.29505389626e-05 0.912651177444 3
1.69384615385 1.58246183564e-05 0.913587871506 3
1.74487179487 1.07579362763e-05 0.914513940549 3
1.7958974359 7.21267564419e-06 0.915429084932 3
1.84692307692 4.77036333668e-06 0.916333039599 3
1.89794871795 3.113216963e-06 0.917225575121 3
1.94897435897 2.00532410738e-06 0.918106497706 3
2.0 1.27523535925e-06 0.918975648431 3
