#chemical potential mu= 4.8 U= 6.0
#T,|m|,n,iteration times
0.01 0.000291516866796 1.32148666675 167
0.0610256410256 0.000338164459662 1.32065824002 2
0.112051282051 0.000327058243059 1.31969027666 2
0.163076923077 0.000309238585955 1.31806950635 3
0.214102564103 0.000296654694994 1.31576093275 3
0.265128205128 0.000286508820996 1.31299336569 3
0.316153846154 0.00027675794372 1.30996921038 3
0.367179487179 0.000266032688077 1.30683358092 3
0.418205128205 0.000253835982021 1.30367839344 3
0.469230769231 0.000239885497668 1.30055301436 3
0.520256410256 0.000224199109547 1.29748097999 3
0.571282051282 0.000206991296439 1.2944696168 3
0.622307692308 0.000188620766115 1.29151612111 3
0.673333333333 0.000169533781965 1.28861394844 3
0.724358974359 0.000150219348911 1.28575499397 3
0.775384615385 0.000131166426165 1.28293121099 3
0.82641025641 0.000112826962613 1.28013546595 3
0.877435897436 9.55868470793e-05 1.27736191698 3
0.928461538462 7.974627845e-05 1.2746061067 3
0.979487179487 6.55100769797e-05 1.27186489353 3
1.03051282051 5.29873818089e-05 1.2691363008 3
1.08153846154 4.21992496169e-05 1.26641933246 3
1.13256410256 3.30920416824e-05 1.26371378448 3
1.18358974359 2.55542253559e-05 1.26102006803 3
1.23461538462 1.94343051576e-05 1.25833905233 3
1.28564102564 1.45579590588e-05 1.25567193031 3
1.33666666667 1.07429799712e-05 1.25302010702 3
1.38769230769 7.81119645454e-06 1.25038510921 3
1.43871794872 5.59707850312e-06 1.24776851393 3
1.48974358974 3.35085231362e-06 1.24520812397 4
1.54076923077 1.96377154627e-06 1.24263487232 4
1.59179487179 1.12695382215e-06 1.24008434239 4
1.64282051282 6.33499929514e-07 1.23755799908 4
1.69384615385 3.48948808182e-07 1.23505708019 4
1.74487179487 1.88409868151e-07 1.23258270564 4
1.7958974359 9.97530433811e-08 1.23013587429 4
1.84692307692 5.18064894317e-08 1.22771746374 4
1.89794871795 2.64017667728e-08 1.22532823264 4
1.94897435897 1.32077134785e-08 1.22296882481 4
2.0 6.4881746642e-09 1.22063977468 4
