#chemical potential mu= 2.2 U= 6.0
#T,|m|,n,iteration times
0.01 0.521995592436 0.881435057259 45
0.0610256410256 0.519104974562 0.881275503767 16
0.112051282051 0.515479914624 0.88089095599 18
0.163076923077 0.509213907533 0.880200625597 22
0.214102564103 0.499534727359 0.879108390826 26
0.265128205128 0.485668588034 0.877575712953 30
0.316153846154 0.466802141817 0.875631265734 35
0.367179487179 0.44200357203 0.873343558203 41
0.418205128205 0.40990745429 0.87078571035 50
0.469230769231 0.368451362161 0.868029355446 63
0.520256410256 0.313757442963 0.865133681343 86
0.571282051282 0.236842104329 0.862153369751 138
0.622307692308 0.117816784886 0.859601432109 200
0.673333333333 0.0170348689849 0.8599255155 200
0.724358974359 0.00249495452918 0.861419024539 100
0.775384615385 0.00162835210842 0.862896055399 15
0.82641025641 0.00121812547212 0.864341428387 8
0.877435897436 0.000939607098463 0.865761435083 6
0.928461538462 0.000776302302212 0.867161233047 4
0.979487179487 0.000667107867508 0.868548844868 3
1.03051282051 0.000563263249629 0.869918920905 3
1.08153846154 0.00046740088731 0.871276924062 3
1.13256410256 0.000381275570468 0.872624082149 3
1.18358974359 0.000305820389638 0.873961095625 3
1.23461538462 0.000241255964295 0.875288272065 3
1.28564102564 0.000187232131778 0.87660562554 3
1.33666666667 0.00014298184457 0.877912957526 3
1.38769230769 0.000107470269261 0.879209921936 3
1.43871794872 7.95266702248e-05 0.880496076688 3
1.48974358974 5.79516345743e-05 0.881770924039 3
1.54076923077 4.1596768985e-05 0.883033941621 3
1.59179487179 2.9417657492e-05 0.884284605897 3
1.64282051282 2.05033796515e-05 0.885522409489 3
1.69384615385 1.40872577455e-05 0.886746873597 3
1.74487179487 9.54390413027e-06 0.887957556531 3
1.7958974359 6.37733401565e-06 0.889154059196 3
1.84692307692 4.20417034075e-06 0.890336028218 3
1.89794871795 2.73503870751e-06 0.891503157262 3
1.94897435897 1.75631282057e-06 0.892655186994 3
2.0 1.1135447654e-06 0.893791904045 3
