#chemical potential mu= 3.8 U= 6.0
#T,|m|,n,iteration times
0.01 0.526127172406 1.10451846215 39
0.0610256410256 0.526050985269 1.10521988944 3
0.112051282051 0.522591304744 1.10556538004 18
0.163076923077 0.516434525314 1.10621407255 22
0.214102564103 0.506890119731 1.10724908907 26
0.265128205128 0.493182196347 1.108710932 30
0.316153846154 0.474508352675 1.1105745513 35
0.367179487179 0.449956824293 1.1127741227 41
0.418205128205 0.41825131753 1.11523586489 49
0.469230769231 0.377339234092 1.11789602953 62
0.520256410256 0.323703353644 1.12068970977 83
0.571282051282 0.249093482251 1.12357154889 131
0.622307692308 0.133714849869 1.12618463482 200
0.673333333333 0.0234352298902 1.12622199424 200
0.724358974359 0.00270517562909 1.12486362511 120
0.775384615385 0.00169996546082 1.12350931148 17
0.82641025641 0.00123608736645 1.1221920188 9
0.877435897436 0.00095960699054 1.12090450409 6
0.928461538462 0.000795872392784 1.11964075986 4
0.979487179487 0.000685653417451 1.11839250831 3
1.03051282051 0.000580362331519 1.11716333069 3
1.08153846154 0.000482766441965 1.1159476045 3
1.13256410256 0.000394752390378 1.11474354894 3
1.18358974359 0.000317371173024 1.11354998078 3
1.23461538462 0.000250940219125 1.11236617553 3
1.28564102564 0.000195181640878 1.11119176122 3
1.33666666667 0.000149375921908 1.11002663108 3
1.38769230769 0.000112513259455 1.10887087233 3
1.43871794872 8.34292548509e-05 1.10772470906 3
1.48974358974 6.09166655771e-05 1.10658845677 3
1.54076923077 4.38096550817e-05 1.10546248679 3
1.59179487179 3.10408370771e-05 1.10434719873 3
1.64282051282 2.16741278876e-05 1.10324299959 3
1.69384615385 1.49179696965e-05 1.10215028815 3
1.74487179487 1.012402472e-05 1.10106944367 3
1.7958974359 6.7762204744e-06 1.10000081798 3
1.84692307692 4.47432856809e-06 1.09894473023 3
1.89794871795 2.91533747676e-06 1.09790146373 3
1.94897435897 1.87492643644e-06 1.09687126438 3
2.0 1.19049311231e-06 1.0958543403 3
