#chemical potential mu= 1.2 U= 6.0
#T,|m|,n,iteration times
0.01 0.00321920942868 0.664703633349 200
0.0610256410256 0.000903254987566 0.664628200585 26
0.112051282051 0.000870827905273 0.665667847245 2
0.163076923077 0.000819378662431 0.667361759015 3
0.214102564103 0.000782943450168 0.669770448644 3
0.265128205128 0.000752936041537 0.672644701149 3
0.316153846154 0.000723811157109 0.675774809975 3
0.367179487179 0.000692317720435 0.679014570745 3
0.418205128205 0.000657004877997 0.682274005968 3
0.469230769231 0.000617435073572 0.685505901611 3
0.520256410256 0.000573646648044 0.68868776638 3
0.571282051282 0.0005264430992 0.691813102966 3
0.622307692308 0.000476803484089 0.694884933256 3
0.673333333333 0.000425929233678 0.697909655071 3
0.724358974359 0.000375089887436 0.700895003612 3
0.775384615385 0.000325515200535 0.703848532264 3
0.82641025641 0.000278306280808 0.706776826469 3
0.877435897436 0.00023436986072 0.709685170457 3
0.928461538462 0.00019437810571 0.712577482698 3
0.979487179487 0.000158753873298 0.715456400987 3
1.03051282051 0.000127678817205 0.718323441858 3
1.08153846154 0.00010111972011 0.721179188173 3
1.13256410256 7.88672530874e-05 0.724023477806 3
1.18358974359 6.05810855339e-05 0.726855578593 3
1.23461538462 4.5835804701e-05 0.729674342444 3
1.28564102564 3.41632185017e-05 0.73247833619 3
1.33666666667 2.50880290502e-05 0.735265949474 3
1.38769230769 1.81553076473e-05 0.738035481458 3
1.43871794872 1.10298192455e-05 0.740748333352 4
1.48974358974 6.55887452511e-06 0.743474544728 4
1.54076923077 3.81870741128e-06 0.746177852052 4
1.59179487179 2.17755423138e-06 0.748856621025 4
1.64282051282 1.21655303703e-06 0.751509439415 4
1.69384615385 6.66116182879e-07 0.754135019077 4
1.74487179487 3.57582059962e-07 0.756732201751 4
1.7958974359 1.882607919e-07 0.759299961027 4
1.84692307692 9.72422675161e-08 0.761837401104 4
1.89794871795 4.92963038723e-08 0.764343753201 4
1.94897435897 2.45352511641e-08 0.76681837029 4
2.0 1.19932202503e-08 0.769260720696 4
