#chemical potential mu= 1.6 U= 6.0
#T,|m|,n,iteration times
0.01 0.45924375397 0.790037316991 50
0.0610256410256 0.453571012253 0.788982908427 25
0.112051282051 0.445047185679 0.787415330153 30
0.163076923077 0.428804463132 0.784418723406 40
0.214102564103 0.404171011462 0.780063435995 51
0.265128205128 0.371356852205 0.774778656479 65
0.316153846154 0.330179783377 0.769084308736 83
0.367179487179 0.278292480198 0.763364015889 112
0.418205128205 0.208128957847 0.757830979961 176
0.469230769231 0.112039111772 0.75380571376 200
0.520256410256 0.0254161899399 0.754154650595 200
0.571282051282 0.00333050726756 0.756716004298 139
0.622307692308 0.00213201216713 0.759308231108 20
0.673333333333 0.00154155364096 0.761830446581 11
0.724358974359 0.00119974736049 0.764295000527 7
0.775384615385 0.000976522439084 0.766713047626 5
0.82641025641 0.000812753313997 0.76909423973 4
0.877435897436 0.000703256417353 0.771452945421 3
0.928461538462 0.000598484562636 0.773782063627 3
0.979487179487 0.000500973062523 0.776091600767 3
1.03051282051 0.000412518087616 0.778384500467 3
1.08153846154 0.000334188546775 0.780662618156 3
1.13256410256 0.000266391474202 0.782926955528 3
1.18358974359 0.000208976123041 0.78517784954 3
1.23461538462 0.000161359547151 0.787415134654 3
1.28564102564 0.000122657609334 0.78963827881 3
1.33666666667 9.18082772824e-05 0.791846495048 3
1.38769230769 6.76779570921e-05 0.794038831444 3
1.43871794872 4.91456938846e-05 0.796214242297 3
1.48974358974 3.51637257764e-05 0.798371643404 3
1.54076923077 2.47957250899e-05 0.800509954122 3
1.59179487179 1.72359405074e-05 0.802628128572 3
1.64282051282 1.18134023482e-05 0.804725178069 3
1.69384615385 6.62232895704e-06 0.806766277495 4
1.74487179487 3.63722329971e-06 0.808817122356 4
1.7958974359 1.95799234509e-06 0.810844605266 4
1.84692307692 1.03346340202e-06 0.812847912512 4
1.89794871795 5.3503656694e-07 0.814826476517 4
1.94897435897 2.71792011453e-07 0.816779817836 4
2.0 1.35523438749e-07 0.818707541078 4
