  -3.10000000149012       0.000000000000000E+000
  -3.09380000148714       0.000000000000000E+000
  -3.08760000148416       0.000000000000000E+000
  -3.08140000148118       0.000000000000000E+000
  -3.07520000147820       0.000000000000000E+000
  -3.06900000147522       0.000000000000000E+000
  -3.06280000147224       0.000000000000000E+000
  -3.05660000146926       0.000000000000000E+000
  -3.05040000146628       0.000000000000000E+000
  -3.04420000146330       0.000000000000000E+000
  -3.03800000146032       0.000000000000000E+000
  -3.03180000145734       0.000000000000000E+000
  -3.02560000145436       0.000000000000000E+000
  -3.01940000145138       0.000000000000000E+000
  -3.01320000144840       0.000000000000000E+000
  -3.00700000144542       0.000000000000000E+000
  -3.00080000144244       0.242428315295655     
  -2.99460000143946       0.276747311694929     
  -2.98840000143648       0.277051971192991     
  -2.98220000143350       0.277141576927715     
  -2.97600000143052       0.277464157572721     
  -2.96980000142754       0.277437275852304     
  -2.96360000142456       0.277912186246341     
  -2.95740000142158       0.278427419221004     
  -2.95120000141860       0.278221326031138     
  -2.94500000141562       0.278727598432329     
  -2.93880000141263       0.279336917428452     
  -2.93260000140965       0.278718637858856     
  -2.92640000140667       0.279865591263323     
  -2.92020000140369       0.279381720295814     
  -2.91400000140071       0.280268817069581     
  -2.90780000139773       0.280300179076734     
  -2.90160000139475       0.280882616352440     
  -2.89540000139177       0.280905017786121     
  -2.88920000138879       0.281021505241262     
  -2.88300000138581       0.281433691620992     
  -2.87680000138283       0.282159498072256     
  -2.87060000137985       0.281792114559888     
  -2.86440000137687       0.282401433556011     
  -2.85820000137389       0.282992831405189     
  -2.85200000137091       0.282836021369422     
  -2.84580000136793       0.283140680867483     
  -2.83960000136495       0.283539426387005     
  -2.83340000136197       0.284372759719938     
  -2.82720000135899       0.284027777641251     
  -2.82100000135601       0.284941756135435     
  -2.81480000135303       0.284650537497582     
  -2.80860000135005       0.284650537497582     
  -2.80240000134707       0.286155913840944     
  -2.79620000134409       0.285412186242736     
  -2.79000000134111       0.286639784808454     
  -2.78380000133813       0.286191756134834     
  -2.77760000133515       0.286406809898172     
  -2.77140000133217       0.287132616349436     
  -2.76520000132919       0.287804659359865     
  -2.75900000132621       0.287589605596528     
  -2.75280000132323       0.288266128893694     
  -2.74660000132025       0.288266128893694     
  -2.74040000131727       0.288405017782516     
  -2.73420000131429       0.289372759717534     
  -2.72800000131131       0.289426523158369     
  -2.72180000130833       0.289211469395031     
  -2.71560000130535       0.290609318856725     
  -2.70940000130237       0.290044802727964     
  -2.70320000129939       0.290125447889216     
  -2.69700000129641       0.291321684447780     
  -2.69080000129343       0.291249999860001     
  -2.68460000129045       0.291630824232578     
  -2.67840000128747       0.292284946096063     
  -2.67220000128449       0.292311827816480     
  -2.66600000128151       0.293082437135106     
  -2.65980000127853       0.292419354698149     
  -2.65360000127555       0.293790322439425     
  -2.64740000127257       0.293597670109769     
  -2.64120000126959       0.293633512403658     
  -2.63500000126661       0.295053763299033     
  -2.62880000126363       0.294843189822432     
  -2.62260000126065       0.294977598424518     
  -2.61640000125767       0.295752688029880     
  -2.61020000125469       0.295645161148211     
  -2.60400000125171       0.296030465807524     
  -2.59780000124873       0.296236558997389     
  -2.59160000124575       0.296810035699622     
  -2.58540000124277       0.297576164731512     
  -2.57920000123979       0.297692652186653     
  -2.57300000123681       0.297114695197684     
  -2.56680000123383       0.299560931755648     
  -2.56060000123085       0.298418458637917     
  -2.55440000122787       0.298194444301108     
  -2.54820000122489       0.300008960429268     
  -2.54200000122191       0.300197132472188     
  -2.53580000121893       0.299632616343427     
  -2.52960000121595       0.300667562579489     
  -2.52340000121297       0.301258960428667     
  -2.51720000120999       0.301245519568458     
  -2.51100000120701       0.301778673690066     
  -2.50480000120403       0.301975806306458     
  -2.49860000120105       0.301765232829857     
  -2.49240000119807       0.302988351108839     
  -2.48620000119509       0.303400537488569     
  -2.48000000119211       0.303584229244753     
  -2.47380000118913       0.303830645015244     
  -2.46760000118615       0.304198028527612     
  -2.46140000118317       0.305071684441171     
  -2.45520000118019       0.305340501645343     
  -2.44900000117721       0.305044802720754     
  -2.44280000117423       0.305837813473061     
  -2.43660000117125       0.306554659350852     
  -2.43040000116827       0.306989247164264     
  -2.42420000116529       0.306881720282595     
  -2.41800000116231       0.307249103794963     
  -2.41180000115933       0.308485662934154     
  -2.40560000115635       0.307948028525810     
  -2.39940000115337       0.308476702360681     
  -2.39320000115039       0.309534050030424     
  -2.38700000114741       0.309708781213136     
  -2.38080000114443       0.309896953256056     
  -2.37460000114145       0.310313619922522     
  -2.36840000113847       0.310788530316559     
  -2.36220000113549       0.310645161141001     
  -2.35600000113251       0.311733870817897     
  -2.34980000112953       0.311953404867971     
  -2.34360000112655       0.312504480136523     
  -2.33740000112357       0.313068996265284     
  -2.33120000112059       0.313369175476609     
  -2.32500000111761       0.314036738200302     
  -2.31880000111463       0.314453404866769     
  -2.31260000111165       0.314484766873922     
  -2.30640000110867       0.314852150386290     
  -2.30020000110569       0.315282257912965     
  -2.29400000110271       0.316294802715346     
  -2.28780000109973       0.316442652177641     
  -2.28160000109675       0.316281361855137     
  -2.27540000109377       0.317464157553494     
  -2.26920000109079       0.318306451459899     
  -2.26300000108781       0.317249103790156     
  -2.25680000108483       0.319345877982697     
  -2.25060000108185       0.319220429954083     
  -2.24440000107887       0.318996415617273     
  -2.23820000107589       0.320712365437237     
  -2.23200000107291       0.320327060777924     
  -2.22580000106993       0.321442652175237     
  -2.21960000106695       0.321075268662869     
  -2.21340000106397       0.321657705938575     
  -2.20720000106099       0.322508960418452     
  -2.20100000105801       0.322401433536784     
  -2.19480000105503       0.323431899486109     
  -2.18860000105205       0.323736558984170     
  -2.18240000104907       0.324189067944526     
  -2.17620000104609       0.325479390524551     
  -2.17000000104311       0.325479390524551     
  -2.16380000104013       0.324914874395790     
  -2.15760000103715       0.327016128875067     
  -2.15140000103417       0.326550179054503     
  -2.14520000103119       0.327365591240491     
  -2.13900000102821       0.327589605577300     
  -2.13280000102523       0.327858422781472     
  -2.12660000102225       0.329023297332884     
  -2.12040000101927       0.329874551812761     
  -2.11420000101629       0.329672938909632     
  -2.10800000101331       0.330452508801731     
  -2.10180000101033       0.330376343927215     
  -2.09560000100735       0.331810035682799     
  -2.08940000100437       0.331863799123633     
  -2.08320000100139       0.332235662922737     
  -2.07700000099841       0.333037634248517     
  -2.07080000099543       0.333794802706934     
  -2.06460000099245       0.333458781201719     
  -2.05840000098947       0.334551971165352     
  -2.05220000098649       0.335156809874738     
  -2.04600000098351       0.336178315250591     
  -2.03980000098053       0.336684587651782     
  -2.03360000097755       0.336191756110800     
  -2.02740000097457       0.337535842131659     
  -2.02120000097159       0.337768817041941     
  -2.01500000096861       0.337822580482776     
  -2.00880000096563       0.339520609155795     
  -2.00260000096265       0.339807347506911     
  -1.99640000095967       0.340793010588875     
  -1.99020000095669       0.340604838545955     
  -1.98400000095371       0.341155913814507     
  -1.97780000095073       0.341693548222851     
  -1.97160000094775       0.342768817039538     
  -1.96540000094477       0.343915770444005     
  -1.95920000094179       0.343288530300937     
  -1.95300000093881       0.344278673669637     
  -1.94680000093583       0.345551075102717     
  -1.94060000093285       0.345887096607932     
  -1.93440000092987       0.345564515962925     
  -1.92820000092689       0.347473118112546     
  -1.92200000092390       0.347137096607331     
  -1.91580000092092       0.348077956821932     
  -1.90960000091794       0.348947132448755     
  -1.90340000091496       0.349628136032657     
  -1.89720000091198       0.349605734598976     
  -1.89100000090900       0.351415770440400     
  -1.88480000090602       0.350640680835037     
  -1.87860000090304       0.352827060762302     
  -1.87240000090006       0.353010752518486     
  -1.86620000089708       0.352607526712228     
  -1.86000000089410       0.354852150367063     
  -1.85380000089112       0.354072580474965     
  -1.84760000088814       0.355967741764376     
  -1.84140000088516       0.355336021334572     
  -1.83520000088218       0.357728494451702     
  -1.82900000087920       0.357025089434119     
  -1.82280000087622       0.359229390508328     
  -1.81660000087324       0.358113799111015     
  -1.81040000087026       0.360560035668979     
  -1.80420000086728       0.359560931726807     
  -1.79800000086430       0.361859318822476     
  -1.79180000086132       0.361568100184623     
  -1.78560000085834       0.363113799108612     
  -1.77940000085536       0.363552867208759     
  -1.77320000085238       0.363781361832305     
  -1.76700000084940       0.365452508784907     
  -1.76080000084642       0.365613799107410     
  -1.75460000084344       0.366563619895484     
  -1.74840000084046       0.367499999823349     
  -1.74220000083748       0.367491039249877     
  -1.73600000083450       0.369569892295472     
  -1.72980000083152       0.369843189786381     
  -1.72360000082854       0.370188171865068     
  -1.71740000082556       0.372307347491289     
  -1.71120000082258       0.371393368997105     
  -1.70500000081960       0.372907705913940     
  -1.69880000081662       0.374556451432860     
  -1.69260000081364       0.375201612722873     
  -1.68640000081065       0.375080644980996     
  -1.68020000080767       0.377311827775622     
  -1.67400000080469       0.377674731001254     
  -1.66780000080171       0.377679211287990     
  -1.66160000079873       0.378732078670997     
  -1.65540000079575       0.381155913795280     
  -1.64920000079277       0.381294802684102     
  -1.64300000078979       0.382128136017034     
  -1.63680000078681       0.382244623472176     
  -1.63060000078383       0.384914874366949     
  -1.62440000078085       0.384695340316876     
  -1.61820000077787       0.386209677233711     
  -1.61200000077489       0.386424730997048     
  -1.60580000077191       0.388440860028337     
  -1.59960000076893       0.388552867196742     
  -1.59340000076595       0.389941756084963     
  -1.58720000076297       0.391048386908804     
  -1.58100000075999       0.391845877947847     
  -1.57480000075701       0.392939067911479     
  -1.56860000075403       0.395129928125480     
  -1.56240000075105       0.395784049988965     
  -1.55620000074807       0.396075268626818     
  -1.55000000074509       0.397688171851849     
  -1.54380000074211       0.398037634217272     
  -1.53760000073913       0.399811827764807     
  -1.53140000073615       0.401935483677764     
  -1.52520000073317       0.402123655720685     
  -1.51900000073019       0.403149641383274     
  -1.51280000072721       0.404368279375520     
  -1.50660000072423       0.405994623460759     
  -1.50040000072125       0.407051971130502     
  -1.49420000071827       0.407885304463435     
  -1.48800000071529       0.409381720233325     
  -1.48180000071231       0.411550179013644     
  -1.47560000070933       0.412544802669080     
  -1.46940000070635       0.413906809836884     
  -1.46320000070337       0.415506272201707     
  -1.45700000070038       0.415519713061916     
  -1.45080000069740       0.417894265032100     
  -1.44460000069442       0.419126343884555     
  -1.43840000069144       0.420810931697365     
  -1.43220000068846       0.422016128829402     
  -1.42600000068548       0.423534946032973     
  -1.41980000068250       0.425609318791833     
  -1.41360000067952       0.425931899436839     
  -1.40740000067654       0.429198028467527     
  -1.40120000067356       0.428956092983772     
  -1.39500000067058       0.431388888681528     
  -1.38880000066760       0.433539426314903     
  -1.38260000066462       0.434327956780473     
  -1.37640000066164       0.436935483660940     
  -1.37020000065866       0.438991935272855     
  -1.36400000065568       0.440797490827543     
  -1.35780000065270       0.442222222009654     
  -1.35160000064972       0.444108422725593     
  -1.34540000064674       0.446272401219176     
  -1.33920000064376       0.447840501576846     
  -1.33300000064078       0.450026881504110     
  -1.32680000063780       0.451899641359841     
  -1.32060000063482       0.453915770391130     
  -1.31440000063184       0.456330644941940     
  -1.30820000062886       0.458328852826284     
  -1.30200000062588       0.460412186158616     
  -1.29580000062290       0.463163082214642     
  -1.28960000061992       0.465103046371415     
  -1.28340000061694       0.467235662857845     
  -1.27720000061396       0.470170250670055     
  -1.27100000061098       0.473091397622056     
  -1.26480000060800       0.475277777549320     
  -1.25860000060502       0.478557347440217     
  -1.25240000060204       0.480376343855113     
  -1.24620000059906       0.484784946003531     
  -1.24000000059608       0.486635304425581     
  -1.23380000059310       0.489852150302171     
  -1.22760000059012       0.493203404780847     
  -1.22140000058713       0.496326164635977     
  -1.21520000058415       0.498920250656235     
  -1.20900000058117       0.503467741693476     
  -1.20280000057819       0.506173834882139     
  -1.19660000057521       0.510577956743821     
  -1.19040000057223       0.514372759609381     
  -1.18420000056925       0.517683691507431     
  -1.17800000056627       0.522396953153911     
  -1.17180000056329       0.526482974657323     
  -1.16560000056031       0.530958781106785     
  -1.15940000055733       0.535967741677854     
  -1.15320000055435       0.539525089346394     
  -1.14700000055137       0.545237454935046     
  -1.14080000054839       0.551330644896275     
  -1.13460000054541       0.557661290054523     
  -1.12840000054243       0.563248207614561     
  -1.12220000053945       0.569793906536146     
  -1.11600000053647       0.576438171765927     
  -1.10980000053349       0.584166666385868     
  -1.10360000053051       0.591043906525931     
  -1.09740000052753       0.599162186091922     
  -1.09120000052455       0.608960573183986     
  -1.08500000052157       0.617697132319571     
  -1.07880000051859       0.628046594680188     
  -1.07260000051561       0.639314515821725     
  -1.06640000051263       0.650703404705139     
  -1.06020000050965       0.665869175307168     
  -1.05400000050667       0.682074372431995     
  -1.04780000050369       0.700533153785130     
  -1.04160000050071       0.721093189617541     
  -1.03540000049773       0.746370967383168     
  -1.02920000049475       0.776379927942220     
  -1.02300000049177       0.816594981686330     
  -1.01680000048879       0.871146952986273     
  -1.01060000048581       0.964390680540018     
  -1.00440000048283        1.22873655854915     
 -0.998200000479845        1.02680555506199     
 -0.992000000476865       0.891258960145064     
 -0.985800000473885       0.817898745126564     
 -0.979600000470904       0.768996415400966     
 -0.973400000467924       0.732737454844918     
 -0.967200000464944       0.701550178874247     
 -0.961000000461964       0.675940859890141     
 -0.954800000458983       0.652674730869066     
 -0.948600000456003       0.633266128727858     
 -0.942400000453023       0.614381720134785     
 -0.936200000450043       0.598225806164056     
 -0.930000000447062       0.582858422658898     
 -0.923800000444082       0.569829748830035     
 -0.917600000441102       0.555344981811908     
 -0.911400000438122       0.543082437014935     
 -0.905200000435141       0.530927419099631     
 -0.899000000432161       0.520071684337824     
 -0.892800000429181       0.509928315167073     
 -0.886600000426200       0.500913978253843     
 -0.880400000423220       0.490618279334061     
 -0.874200000420240       0.482016128800561     
 -0.868000000417260       0.473991935256031     
 -0.861800000414279       0.464896953181550     
 -0.855600000411299       0.457508960353560     
 -0.849400000408319       0.449650537418269     
 -0.843200000405339       0.442437275772991     
 -0.837000000402358       0.434923834916388     
 -0.830800000399378       0.427459677213882     
 -0.824600000396398       0.421612903023144     
 -0.818400000393418       0.415098566108713     
 -0.812200000390437       0.408709677222895     
 -0.806000000387457       0.400891576868230     
 -0.799800000384477       0.395282257874511     
 -0.793600000381496       0.390089605547258     
 -0.787400000378516       0.383978494439084     
 -0.781200000375536       0.378351254298420     
 -0.775000000372556       0.373467741755964     
 -0.768800000369575       0.367643368998907     
 -0.762600000366595       0.362930107352428     
 -0.756400000363615       0.357338709505653     
 -0.750200000360635       0.352302867214167     
 -0.744000000357654       0.347074372593024     
 -0.737800000354674       0.342965949655931     
 -0.731600000351694       0.337791218475622     
 -0.725400000348714       0.332903225646431     
 -0.719200000345733       0.329059139626773     
 -0.713000000342753       0.323929211313827     
 -0.706800000339773       0.318893369022341     
 -0.700600000336792       0.315600358271235     
 -0.694400000333812       0.310824372610449     
 -0.688200000330832       0.306662186232521     
 -0.682000000327852       0.303006272255784     
 -0.675800000324871       0.298288530322568     
 -0.669600000321891       0.294090501650751     
 -0.663400000318911       0.289834229251363     
 -0.657200000315931       0.286801075130957     
 -0.651000000312950       0.282204300939618     
 -0.644800000309970       0.279032257930390     
 -0.638600000306990       0.274363799151272     
 -0.632400000304010       0.271173834995100     
 -0.626200000301029       0.267526881591835     
 -0.620000000298049       0.264032257937600     
 -0.613800000295069       0.260268817079194     
 -0.607600000292088       0.255913978371610     
 -0.601400000289108       0.253010752566554     
 -0.595200000286128       0.250107526761498     
 -0.589000000283148       0.245860214935583     
 -0.582800000280167       0.242719533933508     
 -0.576600000277187       0.239551971211016     
 -0.570400000274207       0.236097670137408     
 -0.564200000271227       0.233275089493603     
 -0.558000000268246       0.228974014226854     
 -0.551800000265266       0.226227598457565     
 -0.545600000262286       0.222885304552361     
 -0.539400000259306       0.219677419249244     
 -0.533200000256325       0.216353046490985     
 -0.527000000253345       0.213306451510371     
 -0.520800000250365       0.210125447927670     
 -0.514600000247385       0.207253584129767     
 -0.508400000244404       0.204448924632908     
 -0.502200000241424       0.201818996318760     
 -0.496000000238444       0.197800179116390     
 -0.489800000235464       0.195156809942034     
 -0.483600000232483       0.192177419262462     
 -0.477400000229503       0.189180107435946     
 -0.471200000226523       0.186017025000191     
 -0.465000000223543       0.183458781273822     
 -0.458800000220562       0.181102150450582     
 -0.452600000217582       0.177912186294409     
 -0.446400000214602       0.174641576976985     
 -0.440200000211622       0.171742831458665     
 -0.434000000208642       0.169359318915008     
 -0.427800000205661       0.166854838629473     
 -0.421600000202681       0.163875447949902     
 -0.415400000199701       0.161048387019361     
 -0.409200000196721       0.157818100282563     
 -0.403000000193741       0.155483870893004     
 -0.396800000190760       0.152930107453371     
 -0.390600000187780       0.150295698852487     
 -0.384400000184800       0.147553763369934     
 -0.378200000181820       0.144749103873074     
 -0.372000000178840       0.142508960504975     
 -0.365800000175859       0.139274193481440     
 -0.359600000172879       0.137302867317513     
 -0.353400000169899       0.134193548322592     
 -0.347200000166919       0.131720430044211     
 -0.341000000163938       0.129184587751523     
 -0.334800000160958       0.126756272340504     
 -0.328600000157978       0.124148745460037     
 -0.322400000154998       0.121209677361091     
 -0.316200000152018       0.119569892415643     
 -0.310000000149037       0.115940860159323     
 -0.303800000146057       0.114162186325053     
 -0.297600000143077       0.111751792060978     
 -0.291400000140097       0.108655913926266     
 -0.285200000137117       0.106586021454142     
 -0.279000000134136       0.104301075218681     
 -0.272800000131156       0.101424731134043     
 -0.266600000128176       9.879032253315836E-002
 -0.260400000125196       9.723118274896159E-002
 -0.254200000122216       9.408602146015083E-002
 -0.248000000119235       9.201612898802751E-002
 -0.241800000116255       8.914874547686101E-002
 -0.235600000113275       8.727598562113038E-002
 -0.229400000110295       8.446236555079825E-002
 -0.223200000107314       8.223118275617182E-002
 -0.217000000104334       7.999999996154539E-002
 -0.210800000101354       7.712365587690649E-002
 -0.204600000098374       7.509856627214515E-002
 -0.198400000095393       7.293906806529787E-002
 -0.192200000092413       7.029569889094127E-002
 -0.186000000089433       6.766577057679324E-002
 -0.179800000086453       6.588261645578657E-002
 -0.173600000083472       6.309139781913543E-002
 -0.167400000080492       6.086021502450899E-002
 -0.161200000077512       5.860215050946537E-002
 -0.155000000074532       5.658602147817643E-002
 -0.148800000071552       5.365591395270316E-002
 -0.142600000068571       5.172043008266577E-002
 -0.136400000065591       4.903225804094717E-002
 -0.130200000062611       4.717741933216135E-002
 -0.124000000059631       4.454301073127712E-002
 -0.117800000056650       4.233870965706787E-002
 -0.111600000053670       4.015681001653961E-002
 -0.105400000050690       3.761200715037934E-002
 -9.920000004770960E-002  3.548387095068545E-002
 -9.300000004472936E-002  3.326612901626762E-002
 -8.680000004174912E-002  3.052419353371465E-002
 -8.060000003876888E-002  2.857526880346867E-002
 -7.440000003578864E-002  2.610215052508756E-002
 -6.820000003280841E-002  2.397849461212987E-002
 -6.200000002982817E-002  2.182795697875499E-002
 -5.580000002684794E-002  1.946236558204263E-002
 -4.960000002386771E-002  1.706989246491308E-002
 -4.340000002088748E-002  1.481182794986946E-002
 -3.720000001790725E-002  1.249999999399147E-002
 -3.100000001492702E-002  1.034946236061659E-002
 -2.480000001194679E-002  7.930107523069855E-003
 -1.860000000896656E-002  5.645161287609050E-003
 -1.240000000598632E-002  3.413978492982616E-003
 -6.200000003006092E-003  1.155913977938996E-003
 -2.585952285638626E-014  1.155913977938996E-003
  6.200000002954373E-003  3.413978492982616E-003
  1.240000000593460E-002  5.645161287609050E-003
  1.860000000891484E-002  7.930107523069855E-003
  2.480000001189507E-002  1.034946236061659E-002
  3.100000001487530E-002  1.249999999399147E-002
  3.720000001785553E-002  1.481182794986946E-002
  4.340000002083576E-002  1.706989246491308E-002
  4.960000002381600E-002  1.946236558204263E-002
  5.580000002679623E-002  2.182795697875499E-002
  6.200000002977646E-002  2.397849461212987E-002
  6.820000003275670E-002  2.610215052508756E-002
  7.440000003573694E-002  2.857526880346867E-002
  8.060000003871717E-002  3.052419353371465E-002
  8.680000004169741E-002  3.326612901626762E-002
  9.300000004467765E-002  3.548387095068545E-002
  9.920000004765789E-002  3.761200715037934E-002
  0.105400000050638       4.015681001653961E-002
  0.111600000053618       4.233870965706787E-002
  0.117800000056599       4.454301073127712E-002
  0.124000000059579       4.717741933216135E-002
  0.130200000062559       4.903225804094717E-002
  0.136400000065539       5.172043008266577E-002
  0.142600000068520       5.365591395270316E-002
  0.148800000071500       5.658602147817643E-002
  0.155000000074480       5.860215050946537E-002
  0.161200000077460       6.086021502450899E-002
  0.167400000080441       6.309139781913543E-002
  0.173600000083421       6.588261645578657E-002
  0.179800000086401       6.766577057679324E-002
  0.186000000089381       7.029569889094127E-002
  0.192200000092361       7.293906806529787E-002
  0.198400000095342       7.509856627214515E-002
  0.204600000098322       7.712365587690649E-002
  0.210800000101302       7.999999996154539E-002
  0.217000000104282       8.223118275617182E-002
  0.223200000107263       8.446236555079825E-002
  0.229400000110243       8.727598562113038E-002
  0.235600000113223       8.914874547686101E-002
  0.241800000116203       9.201612898802751E-002
  0.248000000119184       9.408602146015083E-002
  0.254200000122164       9.723118274896159E-002
  0.260400000125144       9.879032253315836E-002
  0.266600000128124       0.101424731134043     
  0.272800000131104       0.104301075218681     
  0.279000000134085       0.106586021454142     
  0.285200000137065       0.108655913926266     
  0.291400000140045       0.111751792060978     
  0.297600000143025       0.114162186325053     
  0.303800000146005       0.115940860159323     
  0.310000000148986       0.119569892415643     
  0.316200000151966       0.121209677361091     
  0.322400000154946       0.124148745460037     
  0.328600000157926       0.126756272340504     
  0.334800000160907       0.129184587751523     
  0.341000000163887       0.131720430044211     
  0.347200000166867       0.134193548322592     
  0.353400000169847       0.137302867317513     
  0.359600000172827       0.139274193481440     
  0.365800000175808       0.142508960504975     
  0.372000000178788       0.144749103873074     
  0.378200000181768       0.147553763369934     
  0.384400000184748       0.150295698852487     
  0.390600000187728       0.152930107453371     
  0.396800000190709       0.155483870893004     
  0.403000000193689       0.157818100282563     
  0.409200000196669       0.161048387019361     
  0.415400000199649       0.163875447949902     
  0.421600000202629       0.166854838629473     
  0.427800000205610       0.169359318915008     
  0.434000000208590       0.171742831458665     
  0.440200000211570       0.174641576976985     
  0.446400000214550       0.177912186294409     
  0.452600000217531       0.181102150450582     
  0.458800000220511       0.183458781273822     
  0.465000000223491       0.186017025000191     
  0.471200000226471       0.189180107435946     
  0.477400000229451       0.192177419262462     
  0.483600000232432       0.195156809942034     
  0.489800000235412       0.197800179116390     
  0.496000000238392       0.201818996318760     
  0.502200000241372       0.204448924632908     
  0.508400000244353       0.207253584129767     
  0.514600000247333       0.210125447927670     
  0.520800000250313       0.213306451510371     
  0.527000000253293       0.216353046490985     
  0.533200000256274       0.219677419249244     
  0.539400000259254       0.222885304552361     
  0.545600000262234       0.226227598457565     
  0.551800000265214       0.228974014226854     
  0.558000000268195       0.233275089493603     
  0.564200000271175       0.236097670137408     
  0.570400000274155       0.239551971211016     
  0.576600000277135       0.242719533933508     
  0.582800000280116       0.245860214935583     
  0.589000000283096       0.250107526761498     
  0.595200000286076       0.253010752566554     
  0.601400000289056       0.255913978371610     
  0.607600000292037       0.260268817079194     
  0.613800000295017       0.264032257937600     
  0.620000000297997       0.267526881591835     
  0.626200000300978       0.271173834995100     
  0.632400000303958       0.274363799151272     
  0.638600000306938       0.279032257930390     
  0.644800000309918       0.282204300939618     
  0.651000000312899       0.286801075130957     
  0.657200000315879       0.289834229251363     
  0.663400000318859       0.294090501650751     
  0.669600000321839       0.298288530322568     
  0.675800000324820       0.303006272255784     
  0.682000000327800       0.306662186232521     
  0.688200000330780       0.310824372610449     
  0.694400000333760       0.315600358271235     
  0.700600000336741       0.318893369022341     
  0.706800000339721       0.323929211313827     
  0.713000000342701       0.329059139626773     
  0.719200000345682       0.332903225646431     
  0.725400000348662       0.337791218475622     
  0.731600000351642       0.342965949655931     
  0.737800000354622       0.347074372593024     
  0.744000000357603       0.352302867214167     
  0.750200000360583       0.357338709505653     
  0.756400000363563       0.362930107352428     
  0.762600000366543       0.367643368998907     
  0.768800000369524       0.373467741755964     
  0.775000000372504       0.378351254298420     
  0.781200000375484       0.383978494439084     
  0.787400000378464       0.390089605547258     
  0.793600000381445       0.395282257874511     
  0.799800000384425       0.400891576868230     
  0.806000000387405       0.408709677222895     
  0.812200000390386       0.415098566108713     
  0.818400000393366       0.421612903023144     
  0.824600000396346       0.427459677213882     
  0.830800000399326       0.434923834916388     
  0.837000000402307       0.442437275772991     
  0.843200000405287       0.449650537418269     
  0.849400000408267       0.457508960353560     
  0.855600000411247       0.464896953181550     
  0.861800000414228       0.473991935256031     
  0.868000000417208       0.482016128800561     
  0.874200000420188       0.490618279334061     
  0.880400000423168       0.500913978253843     
  0.886600000426149       0.509928315167073     
  0.892800000429129       0.520071684337824     
  0.899000000432109       0.530927419099631     
  0.905200000435090       0.543082437014935     
  0.911400000438070       0.555344981811908     
  0.917600000441050       0.569829748830035     
  0.923800000444030       0.582858422658898     
  0.930000000447011       0.598225806164056     
  0.936200000449991       0.614381720134785     
  0.942400000452971       0.633266128727858     
  0.948600000455951       0.652674730869066     
  0.954800000458932       0.675940859890141     
  0.961000000461912       0.701550178874247     
  0.967200000464892       0.732737454844918     
  0.973400000467872       0.768996415400966     
  0.979600000470853       0.817898745126564     
  0.985800000473833       0.891258960145064     
  0.992000000476813        1.02680555506199     
  0.998200000479794        1.22873655854915     
   1.00440000048277       0.964390680540018     
   1.01060000048575       0.871146952986273     
   1.01680000048873       0.816594981686330     
   1.02300000049171       0.776379927942220     
   1.02920000049469       0.746370967383168     
   1.03540000049768       0.721093189617541     
   1.04160000050066       0.700533153785130     
   1.04780000050364       0.682074372431995     
   1.05400000050662       0.665869175307168     
   1.06020000050960       0.650703404705139     
   1.06640000051258       0.639314515821725     
   1.07260000051556       0.628046594680188     
   1.07880000051854       0.617697132319571     
   1.08500000052152       0.608960573183986     
   1.09120000052450       0.599162186091922     
   1.09740000052748       0.591043906525931     
   1.10360000053046       0.584166666385868     
   1.10980000053344       0.576438171765927     
   1.11600000053642       0.569793906536146     
   1.12220000053940       0.563248207614561     
   1.12840000054238       0.557661290054523     
   1.13460000054536       0.551330644896275     
   1.14080000054834       0.545237454935046     
   1.14700000055132       0.539525089346394     
   1.15320000055430       0.535967741677854     
   1.15940000055728       0.530958781106785     
   1.16560000056026       0.526482974657323     
   1.17180000056324       0.522396953153911     
   1.17800000056622       0.517683691507431     
   1.18420000056920       0.514372759609381     
   1.19040000057218       0.510577956743821     
   1.19660000057516       0.506173834882139     
   1.20280000057814       0.503467741693476     
   1.20900000058112       0.498920250656235     
   1.21520000058410       0.496326164635977     
   1.22140000058708       0.493203404780847     
   1.22760000059006       0.489852150302171     
   1.23380000059304       0.486635304425581     
   1.24000000059602       0.484784946003531     
   1.24620000059900       0.480376343855113     
   1.25240000060198       0.478557347440217     
   1.25860000060496       0.475277777549320     
   1.26480000060794       0.473091397622056     
   1.27100000061093       0.470170250670055     
   1.27720000061391       0.467235662857845     
   1.28340000061689       0.465103046371415     
   1.28960000061987       0.463163082214642     
   1.29580000062285       0.460412186158616     
   1.30200000062583       0.458328852826284     
   1.30820000062881       0.456330644941940     
   1.31440000063179       0.453915770391130     
   1.32060000063477       0.451899641359841     
   1.32680000063775       0.450026881504110     
   1.33300000064073       0.447840501576846     
   1.33920000064371       0.446272401219176     
   1.34540000064669       0.444108422725593     
   1.35160000064967       0.442222222009654     
   1.35780000065265       0.440797490827543     
   1.36400000065563       0.438991935272855     
   1.37020000065861       0.436935483660940     
   1.37640000066159       0.434327956780473     
   1.38260000066457       0.433539426314903     
   1.38880000066755       0.431388888681528     
   1.39500000067053       0.428956092983772     
   1.40120000067351       0.429198028467527     
   1.40740000067649       0.425931899436839     
   1.41360000067947       0.425609318791833     
   1.41980000068245       0.423534946032973     
   1.42600000068543       0.422016128829402     
   1.43220000068841       0.420810931697365     
   1.43840000069139       0.419126343884555     
   1.44460000069437       0.417894265032100     
   1.45080000069735       0.415519713061916     
   1.45700000070033       0.415506272201707     
   1.46320000070331       0.413906809836884     
   1.46940000070629       0.412544802669080     
   1.47560000070927       0.411550179013644     
   1.48180000071225       0.409381720233325     
   1.48800000071523       0.407885304463435     
   1.49420000071821       0.407051971130502     
   1.50040000072120       0.405994623460759     
   1.50660000072418       0.404368279375520     
   1.51280000072716       0.403149641383274     
   1.51900000073014       0.402123655720685     
   1.52520000073312       0.401935483677764     
   1.53140000073610       0.399811827764807     
   1.53760000073908       0.398037634217272     
   1.54380000074206       0.397688171851849     
   1.55000000074504       0.396075268626818     
   1.55620000074802       0.395784049988965     
   1.56240000075100       0.395129928125480     
   1.56860000075398       0.392939067911479     
   1.57480000075696       0.391845877947847     
   1.58100000075994       0.391048386908804     
   1.58720000076292       0.389941756084963     
   1.59340000076590       0.388552867196742     
   1.59960000076888       0.388440860028337     
   1.60580000077186       0.386424730997048     
   1.61200000077484       0.386209677233711     
   1.61820000077782       0.384695340316876     
   1.62440000078080       0.384914874366949     
   1.63060000078378       0.382244623472176     
   1.63680000078676       0.382128136017034     
   1.64300000078974       0.381294802684102     
   1.64920000079272       0.381155913795280     
   1.65540000079570       0.378732078670997     
   1.66160000079868       0.377679211287990     
   1.66780000080166       0.377674731001254     
   1.67400000080464       0.377311827775622     
   1.68020000080762       0.375080644980996     
   1.68640000081060       0.375201612722873     
   1.69260000081358       0.374556451432860     
   1.69880000081656       0.372907705913940     
   1.70500000081954       0.371393368997105     
   1.71120000082252       0.372307347491289     
   1.71740000082550       0.370188171865068     
   1.72360000082848       0.369843189786381     
   1.72980000083146       0.369569892295472     
   1.73600000083445       0.367491039249877     
   1.74220000083743       0.367499999823349     
   1.74840000084041       0.366563619895484     
   1.75460000084339       0.365613799107410     
   1.76080000084637       0.365452508784907     
   1.76700000084935       0.363781361832305     
   1.77320000085233       0.363552867208759     
   1.77940000085531       0.363113799108612     
   1.78560000085829       0.361568100184623     
   1.79180000086127       0.361859318822476     
   1.79800000086425       0.359560931726807     
   1.80420000086723       0.360560035668979     
   1.81040000087021       0.358113799111015     
   1.81660000087319       0.359229390508328     
   1.82280000087617       0.357025089434119     
   1.82900000087915       0.357728494451702     
   1.83520000088213       0.355336021334572     
   1.84140000088511       0.355967741764376     
   1.84760000088809       0.354072580474965     
   1.85380000089107       0.354852150367063     
   1.86000000089405       0.352607526712228     
   1.86620000089703       0.353010752518486     
   1.87240000090001       0.352827060762302     
   1.87860000090299       0.350640680835037     
   1.88480000090597       0.351415770440400     
   1.89100000090895       0.349605734598976     
   1.89720000091193       0.349628136032657     
   1.90340000091491       0.348947132448755     
   1.90960000091789       0.348077956821932     
   1.91580000092087       0.347137096607331     
   1.92200000092385       0.347473118112546     
   1.92820000092683       0.345564515962925     
   1.93440000092981       0.345887096607932     
   1.94060000093279       0.345551075102717     
   1.94680000093577       0.344278673669637     
   1.95300000093875       0.343288530300937     
   1.95920000094173       0.343915770444005     
   1.96540000094472       0.342768817039538     
   1.97160000094770       0.341693548222851     
   1.97780000095068       0.341155913814507     
   1.98400000095366       0.340604838545955     
   1.99020000095664       0.340793010588875     
   1.99640000095962       0.339807347506911     
   2.00260000096260       0.339520609155795     
   2.00880000096558       0.337822580482776     
   2.01500000096856       0.337768817041941     
   2.02120000097154       0.337535842131659     
   2.02740000097452       0.336191756110800     
   2.03360000097750       0.336684587651782     
   2.03980000098048       0.336178315250591     
   2.04600000098346       0.335156809874738     
   2.05220000098644       0.334551971165352     
   2.05840000098942       0.333458781201719     
   2.06460000099240       0.333794802706934     
   2.07080000099538       0.333037634248517     
   2.07700000099836       0.332235662922737     
   2.08320000100134       0.331863799123633     
   2.08940000100432       0.331810035682799     
   2.09560000100730       0.330376343927215     
   2.10180000101028       0.330452508801731     
   2.10800000101326       0.329672938909632     
   2.11420000101624       0.329874551812761     
   2.12040000101922       0.329023297332884     
   2.12660000102220       0.327858422781472     
   2.13280000102518       0.327589605577300     
   2.13900000102816       0.327365591240491     
   2.14520000103114       0.326550179054503     
   2.15140000103412       0.327016128875067     
   2.15760000103710       0.324914874395790     
   2.16380000104008       0.325479390524551     
   2.17000000104306       0.325479390524551     
   2.17620000104604       0.324189067944526     
   2.18240000104902       0.323736558984170     
   2.18860000105200       0.323431899486109     
   2.19480000105498       0.322401433536784     
   2.20100000105796       0.322508960418452     
   2.20720000106094       0.321657705938575     
   2.21340000106392       0.321075268662869     
   2.21960000106690       0.321442652175237     
   2.22580000106988       0.320327060777924     
   2.23200000107286       0.320712365437237     
   2.23820000107584       0.318996415617273     
   2.24440000107882       0.319220429954083     
   2.25060000108180       0.319345877982697     
   2.25680000108478       0.317249103790156     
   2.26300000108776       0.318306451459899     
   2.26920000109074       0.317464157553494     
   2.27540000109372       0.316281361855137     
   2.28160000109670       0.316442652177641     
   2.28780000109968       0.316294802715346     
   2.29400000110266       0.315282257912965     
   2.30020000110564       0.314852150386290     
   2.30640000110862       0.314484766873922     
   2.31260000111160       0.314453404866769     
   2.31880000111458       0.314036738200302     
   2.32500000111756       0.313369175476609     
   2.33120000112054       0.313068996265284     
   2.33740000112352       0.312504480136523     
   2.34360000112650       0.311953404867971     
   2.34980000112948       0.311733870817897     
   2.35600000113246       0.310645161141001     
   2.36220000113544       0.310788530316559     
   2.36840000113842       0.310313619922522     
   2.37460000114140       0.309896953256056     
   2.38080000114438       0.309708781213136     
   2.38700000114736       0.309534050030424     
   2.39320000115034       0.308476702360681     
   2.39940000115332       0.307948028525810     
   2.40560000115630       0.308485662934154     
   2.41180000115928       0.307249103794963     
   2.41800000116226       0.306881720282595     
   2.42420000116524       0.306989247164264     
   2.43040000116822       0.306554659350852     
   2.43660000117120       0.305837813473061     
   2.44280000117418       0.305044802720754     
   2.44900000117716       0.305340501645343     
   2.45520000118014       0.305071684441171     
   2.46140000118312       0.304198028527612     
   2.46760000118610       0.303830645015244     
   2.47380000118908       0.303584229244753     
   2.48000000119206       0.303400537488569     
   2.48620000119504       0.302988351108839     
   2.49240000119802       0.301765232829857     
   2.49860000120100       0.301975806306458     
   2.50480000120398       0.301778673690066     
   2.51100000120696       0.301245519568458     
   2.51720000120994       0.301258960428667     
   2.52340000121292       0.300667562579489     
   2.52960000121590       0.299632616343427     
   2.53580000121888       0.300197132472188     
   2.54200000122186       0.300008960429268     
   2.54820000122484       0.298194444301108     
   2.55440000122782       0.298418458637917     
   2.56060000123080       0.299560931755648     
   2.56680000123378       0.297114695197684     
   2.57300000123676       0.297692652186653     
   2.57920000123974       0.297576164731512     
   2.58540000124272       0.296810035699622     
   2.59160000124570       0.296236558997389     
   2.59780000124868       0.296030465807524     
   2.60400000125166       0.295645161148211     
   2.61020000125464       0.295752688029880     
   2.61640000125762       0.294977598424518     
   2.62260000126060       0.294843189822432     
   2.62880000126358       0.295053763299033     
   2.63500000126656       0.293633512403658     
   2.64120000126954       0.293597670109769     
   2.64740000127252       0.293790322439425     
   2.65360000127550       0.292419354698149     
   2.65980000127848       0.293082437135106     
   2.66600000128146       0.292311827816480     
   2.67220000128444       0.292284946096063     
   2.67840000128742       0.291630824232578     
   2.68460000129040       0.291249999860001     
   2.69080000129338       0.291321684447780     
   2.69700000129636       0.290125447889216     
   2.70320000129934       0.290044802727964     
   2.70940000130232       0.290609318856725     
   2.71560000130530       0.289211469395031     
   2.72180000130828       0.289426523158369     
   2.72800000131126       0.289372759717534     
   2.73420000131424       0.288405017782516     
   2.74040000131722       0.288266128893694     
   2.74660000132020       0.288266128893694     
   2.75280000132318       0.287589605596528     
   2.75900000132616       0.287804659359865     
   2.76520000132914       0.287132616349436     
   2.77140000133212       0.286406809898172     
   2.77760000133510       0.286191756134834     
   2.78380000133808       0.286639784808454     
   2.79000000134106       0.285412186242736     
   2.79620000134404       0.286155913840944     
   2.80240000134702       0.284650537497582     
   2.80860000135000       0.284650537497582     
   2.81480000135298       0.284941756135435     
   2.82100000135596       0.284027777641251     
   2.82720000135894       0.284372759719938     
   2.83340000136192       0.283539426387005     
   2.83960000136490       0.283140680867483     
   2.84580000136788       0.282836021369422     
   2.85200000137086       0.282992831405189     
   2.85820000137384       0.282401433556011     
   2.86440000137682       0.281792114559888     
   2.87060000137980       0.282159498072256     
   2.87680000138278       0.281433691620992     
   2.88300000138576       0.281021505241262     
   2.88920000138874       0.280905017786121     
   2.89540000139172       0.280882616352440     
   2.90160000139470       0.280300179076734     
   2.90780000139768       0.280268817069581     
   2.91400000140066       0.279381720295814     
   2.92020000140364       0.279865591263323     
   2.92640000140662       0.278718637858856     
   2.93260000140960       0.279336917428452     
   2.93880000141258       0.278727598432329     
   2.94500000141556       0.278221326031138     
   2.95120000141854       0.278427419221004     
   2.95740000142152       0.277912186246341     
   2.96360000142450       0.277437275852304     
   2.96980000142748       0.277464157572721     
   2.97600000143046       0.277141576927715     
   2.98220000143344       0.277051971192991     
   2.98840000143642       0.276747311694929     
   2.99460000143940       0.242428315295655     
   3.00080000144238       0.000000000000000E+000
   3.00700000144536       0.000000000000000E+000
   3.01320000144834       0.000000000000000E+000
   3.01940000145132       0.000000000000000E+000
   3.02560000145430       0.000000000000000E+000
   3.03180000145728       0.000000000000000E+000
   3.03800000146026       0.000000000000000E+000
   3.04420000146324       0.000000000000000E+000
   3.05040000146622       0.000000000000000E+000
   3.05660000146920       0.000000000000000E+000
   3.06280000147218       0.000000000000000E+000
   3.06900000147516       0.000000000000000E+000
   3.07520000147814       0.000000000000000E+000
   3.08140000148112       0.000000000000000E+000
   3.08760000148410       0.000000000000000E+000
   3.09380000148708       0.000000000000000E+000
   3.10000000149006       0.000000000000000E+000
