  -3.10000000149012       9.076133715485950E-003
  -3.09380000148714       9.661063849246487E-003
  -3.08760000148416       1.032714047833033E-002
  -3.08140000148118       1.109252911134174E-002
  -3.07520000147820       1.198122981181732E-002
  -3.06900000147522       1.302560760195504E-002
  -3.06280000147224       1.427035249904055E-002
  -3.05660000146926       1.577889788605565E-002
  -3.05040000146628       1.764425475148625E-002
  -3.04420000146330       2.000818954376810E-002
  -3.03800000146032       2.309712072926096E-002
  -3.03180000145734       2.729386541474999E-002
  -3.02560000145436       3.329229483601472E-002
  -3.01940000145138       4.245824637843453E-002
  -3.01320000144840       5.771238761768877E-002
  -3.00700000144542       8.528720503937672E-002
  -3.00080000144244       0.132205925764257     
  -2.99460000143946       0.182922741799430     
  -2.98840000143648       0.215033786301842     
  -2.98220000143350       0.232702442561416     
  -2.97600000143052       0.243156285294208     
  -2.96980000142754       0.249945291425639     
  -2.96360000142456       0.254700476828447     
  -2.95740000142158       0.258230524338872     
  -2.95120000141860       0.260972083699296     
  -2.94500000141562       0.263178839590907     
  -2.93880000141263       0.265007307968876     
  -2.93260000140965       0.266558925592945     
  -2.92640000140667       0.267902160766397     
  -2.92020000140369       0.269084826481558     
  -2.91400000140071       0.270141285855625     
  -2.90780000139773       0.271096850880566     
  -2.90160000139475       0.271970567312447     
  -2.89540000139177       0.272777034367254     
  -2.88920000138879       0.273527627017164     
  -2.88300000138581       0.274231337215914     
  -2.87680000138283       0.274895365477308     
  -2.87060000137985       0.275525544975274     
  -2.86440000137687       0.276126650876665     
  -2.85820000137389       0.276702629509030     
  -2.85200000137091       0.277256770553720     
  -2.84580000136793       0.277791838106145     
  -2.83960000136495       0.278310171609638     
  -2.83340000136197       0.278813764431527     
  -2.82720000135899       0.279304325646743     
  -2.82100000135601       0.279783329064473     
  -2.81480000135303       0.280252052466993     
  -2.80860000135005       0.280711609262467     
  -2.80240000134707       0.281162974207885     
  -2.79620000134409       0.281607004458157     
  -2.79000000134111       0.282044456901204     
  -2.78380000133813       0.282476002520769     
  -2.77760000133515       0.282902238365831     
  -2.77140000133217       0.283323697576681     
  -2.76520000132919       0.283740857828058     
  -2.75900000132621       0.284154148471611     
  -2.75280000132323       0.284563956605811     
  -2.74660000132025       0.284970632256829     
  -2.74040000131727       0.285374492818521     
  -2.73420000131429       0.285775826871475     
  -2.72800000131131       0.286174897480988     
  -2.72180000130833       0.286571945054611     
  -2.71560000130535       0.286967189826082     
  -2.70940000130237       0.287360834022045     
  -2.70320000129939       0.287753063757599     
  -2.69700000129641       0.288144050698760     
  -2.69080000129343       0.288533953526113     
  -2.68460000129045       0.288922919224734     
  -2.67840000128747       0.289311084226557     
  -2.67220000128449       0.289698575422230     
  -2.66600000128151       0.290085511061094     
  -2.65980000127853       0.290472001551860     
  -2.65360000127555       0.290858150179291     
  -2.64740000127257       0.291244053743500     
  -2.64120000126959       0.291629803134417     
  -2.63500000126661       0.292015483847303     
  -2.62880000126363       0.292401176447216     
  -2.62260000126065       0.292786956987289     
  -2.61640000125767       0.293172897387062     
  -2.61020000125469       0.293559065774721     
  -2.60400000125171       0.293945526797778     
  -2.59780000124873       0.294332341904497     
  -2.59160000124575       0.294719569600346     
  -2.58540000124277       0.295107265681729     
  -2.57920000123979       0.295495483448806     
  -2.57300000123681       0.295884273901067     
  -2.56680000123383       0.296273685914674     
  -2.56060000123085       0.296663766406362     
  -2.55440000122787       0.297054560483828     
  -2.54820000122489       0.297446111582477     
  -2.54200000122191       0.297838461593765     
  -2.53580000121893       0.298231650981534     
  -2.52960000121595       0.298625718889908     
  -2.52340000121297       0.299020703243584     
  -2.51720000120999       0.299416640839966     
  -2.51100000120701       0.299813567434710     
  -2.50480000120403       0.300211517822081     
  -2.49860000120105       0.300610525907622     
  -2.49240000119807       0.301010624777517     
  -2.48620000119509       0.301411846763264     
  -2.48000000119211       0.301814223500174     
  -2.47380000118913       0.302217785984498     
  -2.46760000118615       0.302622564624671     
  -2.46140000118317       0.303028589290710     
  -2.45520000118019       0.303435889361099     
  -2.44900000117721       0.303844493763561     
  -2.44280000117423       0.304254431018069     
  -2.43660000117125       0.304665729273923     
  -2.43040000116827       0.305078416346007     
  -2.42420000116529       0.305492519749404     
  -2.41800000116231       0.305908066730595     
  -2.41180000115933       0.306325084299097     
  -2.40560000115635       0.306743599256204     
  -2.39940000115337       0.307163638222319     
  -2.39320000115039       0.307585227663821     
  -2.38700000114741       0.308008393917338     
  -2.38080000114443       0.308433163214427     
  -2.37460000114145       0.308859561704786     
  -2.36840000113847       0.309287615476966     
  -2.36220000113549       0.309717350580950     
  -2.35600000113251       0.310148793047609     
  -2.34980000112953       0.310581968908684     
  -2.34360000112655       0.311016904215621     
  -2.33740000112357       0.311453625057805     
  -2.33120000112059       0.311892157580377     
  -2.32500000111761       0.312332528001654     
  -2.31880000111463       0.312774762629664     
  -2.31260000111165       0.313218887878424     
  -2.30640000110867       0.313664930284667     
  -2.30020000110569       0.314112916521786     
  -2.29400000110271       0.314562873417582     
  -2.28780000109973       0.315014827966936     
  -2.28160000109675       0.315468807348150     
  -2.27540000109377       0.315924838936739     
  -2.26920000109079       0.316382950320448     
  -2.26300000108781       0.316843169313064     
  -2.25680000108483       0.317305523968531     
  -2.25060000108185       0.317770042595401     
  -2.24440000107887       0.318236753770485     
  -2.23820000107589       0.318705686352416     
  -2.23200000107291       0.319176869495955     
  -2.22580000106993       0.319650332666476     
  -2.21960000106695       0.320126105651910     
  -2.21340000106397       0.320604218578672     
  -2.20720000106099       0.321084701924329     
  -2.20100000105801       0.321567586532288     
  -2.19480000105503       0.322052903625231     
  -2.18860000105205       0.322540684820231     
  -2.18240000104907       0.323030962141906     
  -2.17620000104609       0.323523768038420     
  -2.17000000104311       0.324019135394397     
  -2.16380000104013       0.324517097547185     
  -2.15760000103715       0.325017688300970     
  -2.15140000103417       0.325520941942523     
  -2.14520000103119       0.326026893256321     
  -2.13900000102821       0.326535577540344     
  -2.13280000102523       0.327047030622365     
  -2.12660000102225       0.327561288876214     
  -2.12040000101927       0.328078389237331     
  -2.11420000101629       0.328598369221110     
  -2.10800000101331       0.329121266939821     
  -2.10180000101033       0.329647121119235     
  -2.09560000100735       0.330175971117704     
  -2.08940000100437       0.330707856944342     
  -2.08320000100139       0.331242819277720     
  -2.07700000099841       0.331780899484790     
  -2.07080000099543       0.332322139641408     
  -2.06460000099245       0.332866582552064     
  -2.05840000098947       0.333414271770667     
  -2.05220000098649       0.333965251622227     
  -2.04600000098351       0.334519567223629     
  -2.03980000098053       0.335077264507683     
  -2.03360000097755       0.335638390244801     
  -2.02740000097457       0.336202992067126     
  -2.02120000097159       0.336771118493373     
  -2.01500000096861       0.337342818953227     
  -2.00880000096563       0.337918143812975     
  -2.00260000096265       0.338497144403126     
  -1.99640000095967       0.339079873044106     
  -1.99020000095669       0.339666383075924     
  -1.98400000095371       0.340256728886474     
  -1.97780000095073       0.340850965940951     
  -1.97160000094775       0.341449150813716     
  -1.96540000094477       0.342051341219165     
  -1.95920000094179       0.342657596044841     
  -1.95300000093881       0.343267975385719     
  -1.94680000093583       0.343882540578510     
  -1.94060000093285       0.344501354237805     
  -1.93440000092987       0.345124480293948     
  -1.92820000092689       0.345751984030795     
  -1.92200000092390       0.346383932126056     
  -1.91580000092092       0.347020392692245     
  -1.90960000091794       0.347661435319605     
  -1.90340000091496       0.348307131119405     
  -1.89720000091198       0.348957552770706     
  -1.89100000090900       0.349612774565956     
  -1.88480000090602       0.350272872461662     
  -1.87860000090304       0.350937924127915     
  -1.87240000090006       0.351608009000601     
  -1.86620000089708       0.352283208337013     
  -1.86000000089410       0.352963605270712     
  -1.85380000089112       0.353649284871025     
  -1.84760000088814       0.354340334202958     
  -1.84140000088516       0.355036842390886     
  -1.83520000088218       0.355738900682909     
  -1.82900000087920       0.356446602519204     
  -1.82280000087622       0.357160043602097     
  -1.81660000087324       0.357879321969265     
  -1.81040000087026       0.358604538069507     
  -1.80420000086728       0.359335794841968     
  -1.79800000086430       0.360073197797967     
  -1.79180000086132       0.360816855106644     
  -1.78560000085834       0.361566877683032     
  -1.77940000085536       0.362323379281139     
  -1.77320000085238       0.363086476590210     
  -1.76700000084940       0.363856289334217     
  -1.76080000084642       0.364632940376888     
  -1.75460000084344       0.365416555829967     
  -1.74840000084046       0.366207265166602     
  -1.74220000083748       0.367005201339631     
  -1.73600000083450       0.367810500905068     
  -1.72980000083152       0.368623304150272     
  -1.72360000082854       0.369443755228237     
  -1.71740000082556       0.370272002297864     
  -1.71120000082258       0.371108197670717     
  -1.70500000081960       0.371952497963440     
  -1.69880000081662       0.372805064257593     
  -1.69260000081364       0.373666062267987     
  -1.68640000081065       0.374535662516147     
  -1.68020000080767       0.375414040514519     
  -1.67400000080469       0.376301376957299     
  -1.66780000080171       0.377197857922008     
  -1.66160000079873       0.378103675079290     
  -1.65540000079575       0.379019025913538     
  -1.64920000079277       0.379944113954025     
  -1.64300000078979       0.380879149018069     
  -1.63680000078681       0.381824347464620     
  -1.63060000078383       0.382779932462847     
  -1.62440000078085       0.383746134271727     
  -1.61820000077787       0.384723190536837     
  -1.61200000077489       0.385711346599307     
  -1.60580000077191       0.386710855823180     
  -1.59960000076893       0.387721979939343     
  -1.59340000076595       0.388744989407147     
  -1.58720000076297       0.389780163796119     
  -1.58100000075999       0.390827792187973     
  -1.57480000075701       0.391888173601321     
  -1.56860000075403       0.392961617438108     
  -1.56240000075105       0.394048443957607     
  -1.55620000074807       0.395148984774819     
  -1.55000000074509       0.396263583389461     
  -1.54380000074211       0.397392595743750     
  -1.53760000073913       0.398536390813203     
  -1.53140000073615       0.399695351233426     
  -1.52520000073317       0.400869873962589     
  -1.51900000073019       0.402060370986523     
  -1.51280000072721       0.403267270063724     
  -1.50660000072423       0.404491015518272     
  -1.50040000072125       0.405732069083059     
  -1.49420000071827       0.406990910795513     
  -1.48800000071529       0.408268039949261     
  -1.48180000071231       0.409563976111812     
  -1.47560000070933       0.410879260204028     
  -1.46940000070635       0.412214455656294     
  -1.46320000070337       0.413570149638441     
  -1.45700000070038       0.414946954377551     
  -1.45080000069740       0.416345508564032     
  -1.44460000069442       0.417766478857732     
  -1.43840000069144       0.419210561502381     
  -1.43220000068846       0.420678484053502     
  -1.42600000068548       0.422171007236076     
  -1.41980000068250       0.423688926937708     
  -1.41360000067952       0.425233076352639     
  -1.40740000067654       0.426804328289974     
  -1.40120000067356       0.428403597660722     
  -1.39500000067058       0.430031844160058     
  -1.38880000066760       0.431690075163949     
  -1.38260000066462       0.433379348862458     
  -1.37640000066164       0.435100777649974     
  -1.37020000065866       0.436855531799187     
  -1.36400000065568       0.438644843450683     
  -1.35780000065270       0.440470010945451     
  -1.35160000064972       0.442332403539482     
  -1.34540000064674       0.444233466543270     
  -1.33920000064376       0.446174726927669     
  -1.33300000064078       0.448157799450677     
  -1.32680000063780       0.450184393365761     
  -1.32060000063482       0.452256319773138     
  -1.31440000063184       0.454375499696244     
  -1.30820000062886       0.456543972964312     
  -1.30200000062588       0.458763908001028     
  -1.29580000062290       0.461037612635732     
  -1.28960000061992       0.463367546060660     
  -1.28340000061694       0.465756332086665     
  -1.27720000061396       0.468206773870613     
  -1.27100000061098       0.470721870307641     
  -1.26480000060800       0.473304834328571     
  -1.25860000060502       0.475959113359705     
  -1.25240000060204       0.478688412273585     
  -1.24620000059906       0.481496719182399     
  -1.24000000059608       0.484388334527584     
  -1.23380000059310       0.487367903959313     
  -1.22760000059012       0.490440455629653     
  -1.22140000058713       0.493611442613531     
  -1.21520000058415       0.496886791330568     
  -1.20900000058117       0.500272957006411     
  -1.20280000057819       0.503776987435105     
  -1.19660000057521       0.507406596568618     
  -1.19040000057223       0.511170249799253     
  -1.18420000056925       0.515077263226179     
  -1.17800000056627       0.519137919734244     
  -1.17180000056329       0.523363605398893     
  -1.16560000056031       0.527766970621246     
  -1.15940000055733       0.532362121534828     
  -1.15320000055435       0.537164848732642     
  -1.14700000055137       0.542192902336771     
  -1.14080000054839       0.547466325063113     
  -1.13460000054541       0.553007858488078     
  -1.12840000054243       0.558843442531631     
  -1.12220000053945       0.565002834818065     
  -1.11600000053647       0.571520385813018     
  -1.10980000053349       0.578436018696236     
  -1.10360000053051       0.585796481639240     
  -1.09740000052753       0.593656967359177     
  -1.09120000052455       0.602083235069365     
  -1.08500000052157       0.611154430479364     
  -1.07880000051859       0.620966892240405     
  -1.07260000051561       0.631639377986274     
  -1.06640000051263       0.643320373193065     
  -1.06020000050965       0.656198517566711     
  -1.05400000050667       0.670517789264835     
  -1.04780000050369       0.686600066862919     
  -1.04160000050071       0.704879188045741     
  -1.03540000049773       0.725952427135912     
  -1.02920000049475       0.750654734783313     
  -1.02300000049177       0.780141296226760     
  -1.01680000048879       0.815826502336042     
  -1.01060000048581       0.858195358536729     
  -1.00440000048283       0.899507206698851     
 -0.998200000479845       0.907867780724090     
 -0.992000000476865       0.870039015114281     
 -0.985800000473885       0.821257847583951     
 -0.979600000470904       0.778129883842892     
 -0.973400000467924       0.741935637681959     
 -0.967200000464944       0.711301818773416     
 -0.961000000461964       0.684901404854018     
 -0.954800000458983       0.661750211771223     
 -0.948600000456003       0.641143948605717     
 -0.942400000453023       0.622573907550154     
 -0.936200000450043       0.605665145012684     
 -0.930000000447062       0.590135195483873     
 -0.923800000444082       0.575766803134234     
 -0.917600000441102       0.562389692756490     
 -0.911400000438122       0.549868147169050     
 -0.905200000435141       0.538092363436793     
 -0.899000000432161       0.526972314701958     
 -0.892800000429181       0.516433307121686     
 -0.886600000426200       0.506412706470469     
 -0.880400000423220       0.496857487136233     
 -0.874200000420240       0.487722369542522     
 -0.868000000417260       0.478968385479930     
 -0.861800000414279       0.470561759290463     
 -0.855600000411299       0.462473025437119     
 -0.849400000408319       0.454676325234883     
 -0.843200000405339       0.447148840979616     
 -0.837000000402358       0.439870336589872     
 -0.830800000399378       0.432822781651653     
 -0.824600000396398       0.425990041386075     
 -0.818400000393418       0.419357619169634     
 -0.812200000390437       0.412912441291522     
 -0.806000000387457       0.406642675915300     
 -0.799800000384477       0.400537579932647     
 -0.793600000381496       0.394587368713548     
 -0.787400000378516       0.388783104770225     
 -0.781200000375536       0.383116602136408     
 -0.775000000372556       0.377580343872002     
 -0.768800000369575       0.372167410593267     
 -0.762600000366595       0.366871418307046     
 -0.756400000363615       0.361686464130914     
 -0.750200000360635       0.356607078731750     
 -0.744000000357654       0.351628184505816     
 -0.737800000354674       0.346745058690989     
 -0.731600000351694       0.341953300728111     
 -0.725400000348714       0.337248803296024     
 -0.719200000345733       0.332627726537152     
 -0.713000000342753       0.328086475058436     
 -0.706800000339773       0.323621677358446     
 -0.700600000336792       0.319230167378757     
 -0.694400000333812       0.314908967921193     
 -0.688200000330832       0.310655275708016     
 -0.682000000327852       0.306466447897705     
 -0.675800000324871       0.302339989882333     
 -0.669600000321891       0.298273544229904     
 -0.663400000318911       0.294264880639619     
 -0.657200000315931       0.290311886803385     
 -0.651000000312950       0.286412560077844     
 -0.644800000309970       0.282564999878568     
 -0.638600000306990       0.278767400726225     
 -0.632400000304010       0.275018045876860     
 -0.626200000301029       0.271315301478515     
 -0.620000000298049       0.267657611203095     
 -0.613800000295069       0.264043491307487     
 -0.607600000292088       0.260471526084072     
 -0.601400000289108       0.256940363663492     
 -0.595200000286128       0.253448712137822     
 -0.589000000283148       0.249995335975511     
 -0.582800000280167       0.246579052701710     
 -0.576600000277187       0.243198729821598     
 -0.570400000274207       0.239853281963785     
 -0.564200000271227       0.236541668228391     
 -0.558000000268246       0.233262889719021     
 -0.551800000265266       0.230015987246720     
 -0.545600000262286       0.226800039188920     
 -0.539400000259306       0.223614159493833     
 -0.533200000256325       0.220457495817318     
 -0.527000000253345       0.217329227780452     
 -0.520800000250365       0.214228565343066     
 -0.514600000247385       0.211154747277977     
 -0.508400000244404       0.208107039746092     
 -0.502200000241424       0.205084734956972     
 -0.496000000238444       0.202087149915422     
 -0.489800000235464       0.199113625243497     
 -0.483600000232483       0.196163524075777     
 -0.477400000229503       0.193236231019689     
 -0.471200000226523       0.190331151179854     
 -0.465000000223543       0.187447709238846     
 -0.458800000220562       0.184585348594152     
 -0.452600000217582       0.181743530544328     
 -0.446400000214602       0.178921733523914     
 -0.440200000211622       0.176119452382337     
 -0.434000000208642       0.173336197705588     
 -0.427800000205661       0.170571495176917     
 -0.421600000202681       0.167824884975350     
 -0.415400000199701       0.165095921208885     
 -0.409200000196721       0.162384171382066     
 -0.403000000193741       0.159689215894828     
 -0.396800000190760       0.157010647571618     
 -0.390600000187780       0.154348071219420     
 -0.384400000184800       0.151701103213832     
 -0.378200000181820       0.149069371111365     
 -0.372000000178840       0.146452513287642     
 -0.365800000175859       0.143850178600471     
 -0.359600000172879       0.141262026077185     
 -0.353400000169899       0.138687724625696     
 -0.347200000166919       0.136126952769048     
 -0.341000000163938       0.133579398402877     
 -0.334800000160958       0.131044758576355     
 -0.328600000157978       0.128522739295736     
 -0.322400000154998       0.126013055351901     
 -0.316200000152018       0.123515430171409     
 -0.310000000149037       0.121029595692376     
 -0.303800000146057       0.118555292265564     
 -0.297600000143077       0.116092268582402     
 -0.291400000140097       0.113640281630493     
 -0.285200000137117       0.111199096679991     
 -0.279000000134136       0.108768487300719     
 -0.272800000131156       0.106348235415019     
 -0.266600000128176       0.103938131387937     
 -0.260400000125196       0.101537974158852     
 -0.254200000122216       9.914757141932773E-002
 -0.248000000119235       9.676673984249358E-002
 -0.241800000116255       9.439530536984482E-002
 -0.235600000113275       9.203310356371203E-002
 -0.229400000110295       8.967998003380458E-002
 -0.223200000107314       8.733579094979818E-002
 -0.217000000104334       8.500040365162277E-002
 -0.210800000101354       8.267369737498871E-002
 -0.204600000098374       8.035556410962590E-002
 -0.198400000095393       7.804590961512742E-002
 -0.192200000092413       7.574465462199093E-002
 -0.186000000089433       7.345173625388438E-002
 -0.179800000086453       7.116710971354431E-002
 -0.173600000083472       6.889075028780868E-002
 -0.167400000080492       6.662265573914725E-002
 -0.161200000077512       6.436284916914323E-002
 -0.155000000074532       6.211138246402462E-002
 -0.148800000071552       5.986834046175935E-002
 -0.142600000068571       5.763384602248534E-002
 -0.136400000065591       5.540806623979736E-002
 -0.130200000062611       5.319122010670729E-002
 -0.124000000059631       5.098358805588093E-002
 -0.117800000056650       4.878552394225136E-002
 -0.111600000053670       4.659747024792013E-002
 -0.105400000050690       4.441997759513917E-002
 -9.920000004770960E-002  4.225373010549204E-002
 -9.300000004472936E-002  4.009957882202680E-002
 -8.680000004174912E-002  3.795858645512203E-002
 -8.060000003876888E-002  3.583208835579785E-002
 -7.440000003578864E-002  3.372177727643236E-002
 -6.820000003280841E-002  3.162982390652367E-002
 -6.200000002982817E-002  2.955905280788174E-002
 -5.580000002684794E-002  2.751320706179481E-002
 -4.960000002386771E-002  2.549736059750999E-002
 -4.340000002088748E-002  2.351858776267597E-002
 -3.720000001790725E-002  2.158710548390754E-002
 -3.100000001492702E-002  1.971833983205980E-002
 -2.480000001194679E-002  1.793693756463110E-002
 -1.860000000896656E-002  1.628520880633068E-002
 -1.240000000598632E-002  1.484230855169078E-002
 -6.200000003006092E-003  1.376706897130092E-002
 -2.585952285638626E-014  1.334221989686432E-002
  6.200000002954373E-003  1.376706897129423E-002
  1.240000000593460E-002  1.484230855168004E-002
  1.860000000891484E-002  1.628520880631757E-002
  2.480000001189507E-002  1.793693756461668E-002
  3.100000001487530E-002  1.971833983204452E-002
  3.720000001785553E-002  2.158710548389142E-002
  4.340000002083576E-002  2.351858776265965E-002
  4.960000002381600E-002  2.549736059749335E-002
  5.580000002679623E-002  2.751320706177823E-002
  6.200000002977646E-002  2.955905280786505E-002
  6.820000003275670E-002  3.162982390650671E-002
  7.440000003573694E-002  3.372177727641529E-002
  8.060000003871717E-002  3.583208835577998E-002
  8.680000004169741E-002  3.795858645510405E-002
  9.300000004467765E-002  4.009957882200926E-002
  9.920000004765789E-002  4.225373010547347E-002
  0.105400000050638       4.441997759512083E-002
  0.111600000053618       4.659747024790212E-002
  0.117800000056599       4.878552394223327E-002
  0.124000000059579       5.098358805586194E-002
  0.130200000062559       5.319122010668925E-002
  0.136400000065539       5.540806623977860E-002
  0.142600000068520       5.763384602246738E-002
  0.148800000071500       5.986834046174083E-002
  0.155000000074480       6.211138246400878E-002
  0.161200000077460       6.436284916912371E-002
  0.167400000080441       6.662265573912736E-002
  0.173600000083421       6.889075028779067E-002
  0.179800000086401       7.116710971352531E-002
  0.186000000089381       7.345173625386472E-002
  0.192200000092361       7.574465462197347E-002
  0.198400000095342       7.804590961510910E-002
  0.204600000098322       8.035556410960587E-002
  0.210800000101302       8.267369737497013E-002
  0.217000000104282       8.500040365160291E-002
  0.223200000107263       8.733579094977718E-002
  0.229400000110243       8.967998003378409E-002
  0.235600000113223       9.203310356369380E-002
  0.241800000116203       9.439530536982532E-002
  0.248000000119184       9.676673984247207E-002
  0.254200000122164       9.914757141930661E-002
  0.260400000125144       0.101537974158831     
  0.266600000128124       0.103938131387917     
  0.272800000131104       0.106348235414996     
  0.279000000134085       0.108768487300700     
  0.285200000137065       0.111199096679970     
  0.291400000140045       0.113640281630475     
  0.297600000143025       0.116092268582381     
  0.303800000146005       0.118555292265544     
  0.310000000148986       0.121029595692358     
  0.316200000151966       0.123515430171389     
  0.322400000154946       0.126013055351880     
  0.328600000157926       0.128522739295714     
  0.334800000160907       0.131044758576334     
  0.341000000163887       0.133579398402860     
  0.347200000166867       0.136126952769024     
  0.353400000169847       0.138687724625675     
  0.359600000172827       0.141262026077162     
  0.365800000175808       0.143850178600451     
  0.372000000178788       0.146452513287621     
  0.378200000181768       0.149069371111343     
  0.384400000184748       0.151701103213813     
  0.390600000187728       0.154348071219399     
  0.396800000190709       0.157010647571598     
  0.403000000193689       0.159689215894808     
  0.409200000196669       0.162384171382046     
  0.415400000199649       0.165095921208861     
  0.421600000202629       0.167824884975323     
  0.427800000205610       0.170571495176894     
  0.434000000208590       0.173336197705566     
  0.440200000211570       0.176119452382309     
  0.446400000214550       0.178921733523891     
  0.452600000217531       0.181743530544307     
  0.458800000220511       0.184585348594127     
  0.465000000223491       0.187447709238820     
  0.471200000226471       0.190331151179830     
  0.477400000229451       0.193236231019662     
  0.483600000232432       0.196163524075752     
  0.489800000235412       0.199113625243470     
  0.496000000238392       0.202087149915402     
  0.502200000241372       0.205084734956946     
  0.508400000244353       0.208107039746070     
  0.514600000247333       0.211154747277949     
  0.520800000250313       0.214228565343041     
  0.527000000253293       0.217329227780428     
  0.533200000256274       0.220457495817293     
  0.539400000259254       0.223614159493806     
  0.545600000262234       0.226800039188889     
  0.551800000265214       0.230015987246692     
  0.558000000268195       0.233262889718998     
  0.564200000271175       0.236541668228363     
  0.570400000274155       0.239853281963761     
  0.576600000277135       0.243198729821571     
  0.582800000280116       0.246579052701674     
  0.589000000283096       0.249995335975487     
  0.595200000286076       0.253448712137795     
  0.601400000289056       0.256940363663463     
  0.607600000292037       0.260471526084049     
  0.613800000295017       0.264043491307459     
  0.620000000297997       0.267657611203068     
  0.626200000300978       0.271315301478483     
  0.632400000303958       0.275018045876828     
  0.638600000306938       0.278767400726193     
  0.644800000309918       0.282564999878534     
  0.651000000312899       0.286412560077814     
  0.657200000315879       0.290311886803355     
  0.663400000318859       0.294264880639586     
  0.669600000321839       0.298273544229861     
  0.675800000324820       0.302339989882290     
  0.682000000327800       0.306466447897672     
  0.688200000330780       0.310655275707980     
  0.694400000333760       0.314908967921151     
  0.700600000336741       0.319230167378715     
  0.706800000339721       0.323621677358404     
  0.713000000342701       0.328086475058394     
  0.719200000345682       0.332627726537112     
  0.725400000348662       0.337248803295984     
  0.731600000351642       0.341953300728077     
  0.737800000354622       0.346745058690949     
  0.744000000357603       0.351628184505775     
  0.750200000360583       0.356607078731714     
  0.756400000363563       0.361686464130867     
  0.762600000366543       0.366871418307008     
  0.768800000369524       0.372167410593225     
  0.775000000372504       0.377580343871954     
  0.781200000375484       0.383116602136355     
  0.787400000378464       0.388783104770180     
  0.793600000381445       0.394587368713503     
  0.799800000384425       0.400537579932601     
  0.806000000387405       0.406642675915257     
  0.812200000390386       0.412912441291459     
  0.818400000393366       0.419357619169589     
  0.824600000396346       0.425990041386017     
  0.830800000399326       0.432822781651607     
  0.837000000402307       0.439870336589805     
  0.843200000405287       0.447148840979550     
  0.849400000408267       0.454676325234820     
  0.855600000411247       0.462473025437055     
  0.861800000414228       0.470561759290400     
  0.868000000417208       0.478968385479863     
  0.874200000420188       0.487722369542456     
  0.880400000423168       0.496857487136153     
  0.886600000426149       0.506412706470391     
  0.892800000429129       0.516433307121596     
  0.899000000432109       0.526972314701870     
  0.905200000435090       0.538092363436691     
  0.911400000438070       0.549868147168940     
  0.917600000441050       0.562389692756379     
  0.923800000444030       0.575766803134122     
  0.930000000447011       0.590135195483748     
  0.936200000449991       0.605665145012546     
  0.942400000452971       0.622573907550002     
  0.948600000455951       0.641143948605541     
  0.954800000458932       0.661750211771047     
  0.961000000461912       0.684901404853830     
  0.967200000464892       0.711301818773184     
  0.973400000467872       0.741935637681668     
  0.979600000470853       0.778129883842557     
  0.985800000473833       0.821257847583578     
  0.992000000476813       0.870039015113889     
  0.998200000479794       0.907867780723968     
   1.00440000048277       0.899507206699154     
   1.01060000048575       0.858195358537081     
   1.01680000048873       0.815826502336376     
   1.02300000049171       0.780141296227020     
   1.02920000049469       0.750654734783531     
   1.03540000049768       0.725952427136108     
   1.04160000050066       0.704879188045883     
   1.04780000050364       0.686600066863053     
   1.05400000050662       0.670517789264959     
   1.06020000050960       0.656198517566822     
   1.06640000051258       0.643320373193151     
   1.07260000051556       0.631639377986358     
   1.07880000051854       0.620966892240477     
   1.08500000052152       0.611154430479439     
   1.09120000052450       0.602083235069436     
   1.09740000052748       0.593656967359233     
   1.10360000053046       0.585796481639306     
   1.10980000053344       0.578436018696295     
   1.11600000053642       0.571520385813070     
   1.12220000053940       0.565002834818124     
   1.12840000054238       0.558843442531674     
   1.13460000054536       0.553007858488110     
   1.14080000054834       0.547466325063169     
   1.14700000055132       0.542192902336822     
   1.15320000055430       0.537164848732689     
   1.15940000055728       0.532362121534855     
   1.16560000056026       0.527766970621268     
   1.17180000056324       0.523363605398952     
   1.17800000056622       0.519137919734276     
   1.18420000056920       0.515077263226208     
   1.19040000057218       0.511170249799297     
   1.19660000057516       0.507406596568640     
   1.20280000057814       0.503776987435136     
   1.20900000058112       0.500272957006428     
   1.21520000058410       0.496886791330602     
   1.22140000058708       0.493611442613566     
   1.22760000059006       0.490440455629684     
   1.23380000059304       0.487367903959336     
   1.24000000059602       0.484388334527621     
   1.24620000059900       0.481496719182424     
   1.25240000060198       0.478688412273597     
   1.25860000060496       0.475959113359740     
   1.26480000060794       0.473304834328594     
   1.27100000061093       0.470721870307664     
   1.27720000061391       0.468206773870640     
   1.28340000061689       0.465756332086694     
   1.28960000061987       0.463367546060660     
   1.29580000062285       0.461037612635759     
   1.30200000062583       0.458763908001047     
   1.30820000062881       0.456543972964350     
   1.31440000063179       0.454375499696265     
   1.32060000063477       0.452256319773156     
   1.32680000063775       0.450184393365769     
   1.33300000064073       0.448157799450693     
   1.33920000064371       0.446174726927682     
   1.34540000064669       0.444233466543285     
   1.35160000064967       0.442332403539496     
   1.35780000065265       0.440470010945464     
   1.36400000065563       0.438644843450695     
   1.37020000065861       0.436855531799213     
   1.37640000066159       0.435100777649991     
   1.38260000066457       0.433379348862478     
   1.38880000066755       0.431690075163965     
   1.39500000067053       0.430031844160076     
   1.40120000067351       0.428403597660750     
   1.40740000067649       0.426804328289990     
   1.41360000067947       0.425233076352664     
   1.41980000068245       0.423688926937734     
   1.42600000068543       0.422171007236094     
   1.43220000068841       0.420678484053504     
   1.43840000069139       0.419210561502379     
   1.44460000069437       0.417766478857747     
   1.45080000069735       0.416345508564039     
   1.45700000070033       0.414946954377563     
   1.46320000070331       0.413570149638447     
   1.46940000070629       0.412214455656304     
   1.47560000070927       0.410879260204030     
   1.48180000071225       0.409563976111814     
   1.48800000071523       0.408268039949287     
   1.49420000071821       0.406990910795521     
   1.50040000072120       0.405732069083066     
   1.50660000072418       0.404491015518272     
   1.51280000072716       0.403267270063743     
   1.51900000073014       0.402060370986532     
   1.52520000073312       0.400869873962596     
   1.53140000073610       0.399695351233431     
   1.53760000073908       0.398536390813219     
   1.54380000074206       0.397392595743766     
   1.55000000074504       0.396263583389470     
   1.55620000074802       0.395148984774824     
   1.56240000075100       0.394048443957617     
   1.56860000075398       0.392961617438105     
   1.57480000075696       0.391888173601337     
   1.58100000075994       0.390827792187983     
   1.58720000076292       0.389780163796142     
   1.59340000076590       0.388744989407152     
   1.59960000076888       0.387721979939352     
   1.60580000077186       0.386710855823186     
   1.61200000077484       0.385711346599310     
   1.61820000077782       0.384723190536843     
   1.62440000078080       0.383746134271735     
   1.63060000078378       0.382779932462857     
   1.63680000078676       0.381824347464631     
   1.64300000078974       0.380879149018070     
   1.64920000079272       0.379944113954034     
   1.65540000079570       0.379019025913543     
   1.66160000079868       0.378103675079306     
   1.66780000080166       0.377197857922016     
   1.67400000080464       0.376301376957311     
   1.68020000080762       0.375414040514533     
   1.68640000081060       0.374535662516146     
   1.69260000081358       0.373666062267989     
   1.69880000081656       0.372805064257599     
   1.70500000081954       0.371952497963439     
   1.71120000082252       0.371108197670713     
   1.71740000082550       0.370272002297876     
   1.72360000082848       0.369443755228245     
   1.72980000083146       0.368623304150276     
   1.73600000083445       0.367810500905079     
   1.74220000083743       0.367005201339640     
   1.74840000084041       0.366207265166620     
   1.75460000084339       0.365416555829957     
   1.76080000084637       0.364632940376891     
   1.76700000084935       0.363856289334225     
   1.77320000085233       0.363086476590207     
   1.77940000085531       0.362323379281145     
   1.78560000085829       0.361566877683045     
   1.79180000086127       0.360816855106643     
   1.79800000086425       0.360073197797978     
   1.80420000086723       0.359335794841980     
   1.81040000087021       0.358604538069511     
   1.81660000087319       0.357879321969270     
   1.82280000087617       0.357160043602100     
   1.82900000087915       0.356446602519207     
   1.83520000088213       0.355738900682909     
   1.84140000088511       0.355036842390894     
   1.84760000088809       0.354340334202964     
   1.85380000089107       0.353649284871030     
   1.86000000089405       0.352963605270725     
   1.86620000089703       0.352283208337018     
   1.87240000090001       0.351608009000603     
   1.87860000090299       0.350937924127929     
   1.88480000090597       0.350272872461664     
   1.89100000090895       0.349612774565968     
   1.89720000091193       0.348957552770708     
   1.90340000091491       0.348307131119405     
   1.90960000091789       0.347661435319616     
   1.91580000092087       0.347020392692248     
   1.92200000092385       0.346383932126064     
   1.92820000092683       0.345751984030800     
   1.93440000092981       0.345124480293957     
   1.94060000093279       0.344501354237804     
   1.94680000093577       0.343882540578514     
   1.95300000093875       0.343267975385721     
   1.95920000094173       0.342657596044837     
   1.96540000094472       0.342051341219177     
   1.97160000094770       0.341449150813713     
   1.97780000095068       0.340850965940960     
   1.98400000095366       0.340256728886478     
   1.99020000095664       0.339666383075936     
   1.99640000095962       0.339079873044110     
   2.00260000096260       0.338497144403130     
   2.00880000096558       0.337918143812974     
   2.01500000096856       0.337342818953232     
   2.02120000097154       0.336771118493379     
   2.02740000097452       0.336202992067134     
   2.03360000097750       0.335638390244811     
   2.03980000098048       0.335077264507680     
   2.04600000098346       0.334519567223636     
   2.05220000098644       0.333965251622224     
   2.05840000098942       0.333414271770667     
   2.06460000099240       0.332866582552069     
   2.07080000099538       0.332322139641407     
   2.07700000099836       0.331780899484791     
   2.08320000100134       0.331242819277723     
   2.08940000100432       0.330707856944345     
   2.09560000100730       0.330175971117712     
   2.10180000101028       0.329647121119237     
   2.10800000101326       0.329121266939836     
   2.11420000101624       0.328598369221115     
   2.12040000101922       0.328078389237332     
   2.12660000102220       0.327561288876211     
   2.13280000102518       0.327047030622377     
   2.13900000102816       0.326535577540349     
   2.14520000103114       0.326026893256325     
   2.15140000103412       0.325520941942533     
   2.15760000103710       0.325017688300982     
   2.16380000104008       0.324517097547184     
   2.17000000104306       0.324019135394403     
   2.17620000104604       0.323523768038421     
   2.18240000104902       0.323030962141910     
   2.18860000105200       0.322540684820236     
   2.19480000105498       0.322052903625228     
   2.20100000105796       0.321567586532294     
   2.20720000106094       0.321084701924328     
   2.21340000106392       0.320604218578680     
   2.21960000106690       0.320126105651915     
   2.22580000106988       0.319650332666476     
   2.23200000107286       0.319176869495962     
   2.23820000107584       0.318705686352418     
   2.24440000107882       0.318236753770487     
   2.25060000108180       0.317770042595407     
   2.25680000108478       0.317305523968532     
   2.26300000108776       0.316843169313063     
   2.26920000109074       0.316382950320448     
   2.27540000109372       0.315924838936751     
   2.28160000109670       0.315468807348156     
   2.28780000109968       0.315014827966942     
   2.29400000110266       0.314562873417578     
   2.30020000110564       0.314112916521792     
   2.30640000110862       0.313664930284671     
   2.31260000111160       0.313218887878428     
   2.31880000111458       0.312774762629672     
   2.32500000111756       0.312332528001661     
   2.33120000112054       0.311892157580387     
   2.33740000112352       0.311453625057811     
   2.34360000112650       0.311016904215620     
   2.34980000112948       0.310581968908689     
   2.35600000113246       0.310148793047606     
   2.36220000113544       0.309717350580955     
   2.36840000113842       0.309287615476974     
   2.37460000114140       0.308859561704794     
   2.38080000114438       0.308433163214431     
   2.38700000114736       0.308008393917334     
   2.39320000115034       0.307585227663815     
   2.39940000115332       0.307163638222319     
   2.40560000115630       0.306743599256199     
   2.41180000115928       0.306325084299103     
   2.41800000116226       0.305908066730600     
   2.42420000116524       0.305492519749409     
   2.43040000116822       0.305078416346007     
   2.43660000117120       0.304665729273925     
   2.44280000117418       0.304254431018070     
   2.44900000117716       0.303844493763568     
   2.45520000118014       0.303435889361099     
   2.46140000118312       0.303028589290719     
   2.46760000118610       0.302622564624674     
   2.47380000118908       0.302217785984504     
   2.48000000119206       0.301814223500179     
   2.48620000119504       0.301411846763265     
   2.49240000119802       0.301010624777530     
   2.49860000120100       0.300610525907626     
   2.50480000120398       0.300211517822081     
   2.51100000120696       0.299813567434713     
   2.51720000120994       0.299416640839974     
   2.52340000121292       0.299020703243586     
   2.52960000121590       0.298625718889914     
   2.53580000121888       0.298231650981540     
   2.54200000122186       0.297838461593776     
   2.54820000122484       0.297446111582484     
   2.55440000122782       0.297054560483835     
   2.56060000123080       0.296663766406360     
   2.56680000123378       0.296273685914669     
   2.57300000123676       0.295884273901071     
   2.57920000123974       0.295495483448813     
   2.58540000124272       0.295107265681722     
   2.59160000124570       0.294719569600350     
   2.59780000124868       0.294332341904500     
   2.60400000125166       0.293945526797785     
   2.61020000125464       0.293559065774715     
   2.61640000125762       0.293172897387066     
   2.62260000126060       0.292786956987289     
   2.62880000126358       0.292401176447221     
   2.63500000126656       0.292015483847306     
   2.64120000126954       0.291629803134415     
   2.64740000127252       0.291244053743502     
   2.65360000127550       0.290858150179299     
   2.65980000127848       0.290472001551868     
   2.66600000128146       0.290085511061101     
   2.67220000128444       0.289698575422231     
   2.67840000128742       0.289311084226554     
   2.68460000129040       0.288922919224732     
   2.69080000129338       0.288533953526113     
   2.69700000129636       0.288144050698760     
   2.70320000129934       0.287753063757605     
   2.70940000130232       0.287360834022051     
   2.71560000130530       0.286967189826083     
   2.72180000130828       0.286571945054620     
   2.72800000131126       0.286174897480989     
   2.73420000131424       0.285775826871475     
   2.74040000131722       0.285374492818534     
   2.74660000132020       0.284970632256836     
   2.75280000132318       0.284563956605819     
   2.75900000132616       0.284154148471610     
   2.76520000132914       0.283740857828069     
   2.77140000133212       0.283323697576683     
   2.77760000133510       0.282902238365840     
   2.78380000133808       0.282476002520775     
   2.79000000134106       0.282044456901210     
   2.79620000134404       0.281607004458155     
   2.80240000134702       0.281162974207889     
   2.80860000135000       0.280711609262471     
   2.81480000135298       0.280252052467001     
   2.82100000135596       0.279783329064478     
   2.82720000135894       0.279304325646751     
   2.83340000136192       0.278813764431532     
   2.83960000136490       0.278310171609641     
   2.84580000136788       0.277791838106151     
   2.85200000137086       0.277256770553734     
   2.85820000137384       0.276702629509033     
   2.86440000137682       0.276126650876671     
   2.87060000137980       0.275525544975278     
   2.87680000138278       0.274895365477306     
   2.88300000138576       0.274231337215919     
   2.88920000138874       0.273527627017173     
   2.89540000139172       0.272777034367269     
   2.90160000139470       0.271970567312459     
   2.90780000139768       0.271096850880570     
   2.91400000140066       0.270141285855636     
   2.92020000140364       0.269084826481564     
   2.92640000140662       0.267902160766405     
   2.93260000140960       0.266558925592957     
   2.93880000141258       0.265007307968887     
   2.94500000141556       0.263178839590921     
   2.95120000141854       0.260972083699321     
   2.95740000142152       0.258230524338892     
   2.96360000142450       0.254700476828483     
   2.96980000142748       0.249945291425683     
   2.97600000143046       0.243156285294273     
   2.98220000143344       0.232702442561524     
   2.98840000143642       0.215033786302035     
   2.99460000143940       0.182922741799781     
   3.00080000144238       0.132205925764712     
   3.00700000144536       8.528720503968648E-002
   3.01320000144834       5.771238761785603E-002
   3.01940000145132       4.245824637853153E-002
   3.02560000145430       3.329229483607608E-002
   3.03180000145728       2.729386541479123E-002
   3.03800000146026       2.309712072929085E-002
   3.04420000146324       2.000818954379036E-002
   3.05040000146622       1.764425475150396E-002
   3.05660000146920       1.577889788606968E-002
   3.06280000147218       1.427035249905197E-002
   3.06900000147516       1.302560760196449E-002
   3.07520000147814       1.198122981182541E-002
   3.08140000148112       1.109252911134860E-002
   3.08760000148410       1.032714047833621E-002
   3.09380000148708       9.661063849251680E-003
   3.10000000149006       9.076133715490585E-003
