#occupation n= 1.1 U= 5.0
#T,|m|,mu,sucess
0.01 0.303465220197 3.11341594536 True
0.0478481012658 0.301947352042 3.1138326145 True
0.0856962025316 0.294548895455 3.10824065253 True
0.123544303797 0.281086280419 3.09835811543 True
0.161392405063 0.261016792893 3.08552236951 True
0.199240506329 0.233081619151 3.07138074547 True
0.237088607595 0.193598717009 3.0569995583 True
0.274936708861 0.131313666144 3.042881607 True
0.312784810127 6.41530648899e-06 3.03475089414 True
0.350632911392 3.15994784515e-07 3.04186269557 True
0.388481012658 9.55131376805e-06 3.04859963283 True
0.426329113924 1.9106190609e-05 3.05500323528 True
0.46417721519 3.29863198874e-06 3.06112737165 True
0.502025316456 1.02398157417e-05 3.06701635568 True
0.539873417722 2.09657518479e-05 3.07267045409 True
0.577721518987 4.93013859991e-06 3.07817394662 True
0.615569620253 2.96311495577e-07 3.08352636532 True
0.653417721519 2.93976414719e-05 3.08875037259 True
0.691265822785 4.60864149104e-06 3.0938973507 True
0.729113924051 2.54941946348e-06 3.09896309172 True
0.766962025316 3.71118230163e-06 3.1039719743 True
0.804810126582 3.11714685495e-06 3.10894326982 True
0.842658227848 2.22616646779e-06 3.1138929346 True
0.880506329114 1.47123389036e-06 3.11883447055 True
0.91835443038 9.29267179358e-07 3.12377938401 True
0.956202531646 5.69635200827e-07 3.12873746946 True
0.994050632911 3.41665044569e-07 3.13371701744 True
1.03189873418 2.01437121998e-07 3.13872498653 True
1.06974683544 1.17033894396e-07 3.14376715534 True
1.10759493671 6.7088781419e-08 3.14884826083 True
1.14544303797 1.77709174259e-05 3.15398276704 True
1.18329113924 1.32893573924e-05 3.15915044271 True
1.22113924051 9.90357508791e-06 3.16436653942 True
1.25898734177 7.36059454436e-06 3.16963275754 True
1.29683544304 5.46009336501e-06 3.17495027233 True
1.3346835443 4.04542816451e-06 3.18031981515 True
1.37253164557 2.99567452197e-06 3.18574174421 True
1.41037974684 2.21840017931e-06 3.19121610492 True
1.4482278481 1.6436444949e-06 3.19674268187 True
1.48607594937 1.21886060889e-06 3.20232104328 True
1.52392405063 9.04863937011e-07 3.20795057937 True
1.5617721519 6.72599158176e-07 3.21363053521 True
1.59962025316 5.00590967981e-07 3.21936003884 True
1.63746835443 3.73027351418e-07 3.22513812548 True
1.6753164557 2.78282685145e-07 3.2309637582 True
1.71316455696 2.07797782085e-07 3.2368358455 True
1.75101265823 1.55278991709e-07 3.24275325627 True
1.78886075949 1.21675302959e-05 3.24868902998 True
1.82670886076 9.58618034099e-06 3.25469830805 True
1.86455696203 7.52273523982e-06 3.26074861298 True
1.90240506329 5.87951090101e-06 3.2668388797 True
1.94025316456 4.57601832137e-06 3.27296803545 True
1.97810126582 3.54615055774e-06 3.27913500635 True
2.01594936709 2.73580220166e-06 3.28533872286 True
2.05379746835 2.10085583044e-06 3.29157812443 True
2.09164556962 1.60547997525e-06 3.29785216329 True
2.12949367089 1.22070919258e-06 3.30415980765 True
2.16734177215 9.2318927366e-07 3.31050004436 True
2.20518987342 6.94210922485e-07 3.31687188093 True
2.24303797468 5.18806025097e-07 3.32327434731 True
2.28088607595 3.85121043543e-07 3.329706497 True
2.31873417722 2.83762338404e-07 3.33616740814 True
2.35658227848 2.07340090213e-07 3.34265618415 True
2.39443037975 1.50056470806e-07 3.34917195418 True
2.43227848101 1.07394974579e-07 3.35571387328 True
2.47012658228 9.71703692001e-06 3.36228079527 True
2.50797468354 7.94895880756e-06 3.36887238441 True
2.54582278481 6.49107971724e-06 3.37548781663 True
2.58367088608 5.29047385264e-06 3.38212633138 True
2.62151898734 4.30334590722e-06 3.38878719678 True
2.65936708861 3.49299367064e-06 3.3954697082 True
2.69721518987 2.82885225012e-06 3.40217318725 True
2.73506329114 2.28556202562e-06 3.4088969807 True
2.77291139241 1.84197546689e-06 3.41564045939 True
2.81075949367 1.48056152165e-06 3.42240301731 True
2.84860759494 1.18674055167e-06 3.42918407063 True
2.8864556962 9.48431743178e-07 3.43598305679 True
2.92430379747 7.55593498841e-07 3.4427994337 True
2.96215189873 5.99969418685e-07 3.44963267885 True
3.0 4.74736839291e-07 3.45648228859 True
