#occupation n= 1.06 U= 5.0
#T,|m|,mu,sucess
0.01 0.32796743178 2.89730373033 True
0.0478481012658 0.323048789404 2.89308414335 True
0.0856962025316 0.318038951702 2.89065359671 True
0.123544303797 0.308856136118 2.88610033424 True
0.161392405063 0.294201397564 2.87936137262 True
0.199240506329 0.272661696293 2.87105495386 True
0.237088607595 0.241897548177 2.86189371362 True
0.274936708861 0.197240759241 2.85246330724 True
0.312784810127 0.123810227116 2.8431302997 True
0.350632911392 0.000125429212817 2.83988556544 True
0.388481012658 1.75413435977e-06 2.84419236803 True
0.426329113924 8.39132022681e-06 2.8482827734 True
0.46417721519 2.75341311727e-05 2.85215893524 True
0.502025316456 3.62579814594e-07 2.8558499582 True
0.539873417722 6.26580019661e-07 2.85939842545 True
0.577721518987 1.83180827197e-05 2.86283040076 True
0.615569620253 1.59106435508e-05 2.86612736663 True
0.653417721519 4.71802376405e-06 2.86935554469 True
0.691265822785 6.99767969587e-06 2.87251838226 True
0.729113924051 2.88882007868e-06 2.87560836112 True
0.766962025316 4.46551288357e-06 2.87865876406 True
0.804810126582 3.70366147738e-06 2.88167901373 True
0.842658227848 2.59528403386e-06 2.88467836092 True
0.880506329114 1.68606144841e-06 2.88766537938 True
0.91835443038 1.05225079826e-06 2.8906477324 True
0.956202531646 6.41681261255e-07 2.89363211555 True
0.994050632911 3.85946775748e-07 2.89662428515 True
1.03189873418 2.30262692922e-07 2.89962912631 True
1.06974683544 1.36757963063e-07 2.90265073606 True
1.10759493671 8.10642863455e-08 2.90569250902 True
1.14544303797 4.80445663186e-08 2.90875722018 True
1.18329113924 2.85092534528e-08 2.91184710197 True
1.22113924051 1.71828676567e-05 2.91497822841 True
1.25898734177 1.25758211582e-05 2.91812018896 True
1.29683544304 9.21196391892e-06 2.92129211449 True
1.3346835443 6.75299621657e-06 2.92449455551 True
1.37253164557 4.95366274221e-06 2.92772783716 True
1.41037974684 3.63583662571e-06 2.9309920917 True
1.4482278481 2.66991991148e-06 2.93428728741 True
1.48607594937 1.96145545929e-06 2.93761325417 True
1.52392405063 1.44151819671e-06 2.94096970607 True
1.5617721519 1.05974318327e-06 2.94435626123 True
1.59962025316 7.79290958982e-07 2.94777245908 True
1.63746835443 5.73197604419e-07 2.95121777543 True
1.6753164557 4.21689678627e-07 2.95469163551 True
1.71316455696 1.22155193024e-05 2.95818113048 True
1.75101265823 9.59049249316e-06 2.96171240395 True
1.78886075949 7.52534726676e-06 2.96526991299 True
1.82670886076 5.90094244077e-06 2.96885304478 True
1.86455696203 4.62348581926e-06 2.97246116653 True
1.90240506329 3.61914111526e-06 2.97609363248 True
1.94025316456 2.82978387623e-06 2.97974978973 True
1.97810126582 2.20965954507e-06 2.98342898315 True
2.01594936709 1.72275111918e-06 2.98713055932 True
2.05379746835 1.34070547609e-06 2.9908538699 True
2.09164556962 1.04120021067e-06 2.99459827429 True
2.12949367089 8.06668231307e-07 2.9983631418 True
2.16734177215 6.23255283581e-07 3.00214785342 True
2.20518987342 4.80053586001e-07 3.00595180311 True
2.24303797468 3.68461828902e-07 3.0097743989 True
2.28088607595 2.81705898964e-07 3.01361506361 True
2.31873417722 2.14441407327e-07 3.01747323543 True
2.35658227848 1.62453911058e-07 3.02134836825 True
2.39443037975 1.22418607791e-07 3.0252399319 True
2.43227848101 9.17147008212e-08 3.02914741218 True
2.47012658228 6.82762372556e-08 3.03307031086 True
2.50797468354 1.0091821567e-05 3.03700694472 True
2.54582278481 8.28070918492e-06 3.0409593898 True
2.58367088608 6.77807209162e-06 3.04492583887 True
2.62151898734 5.53450392315e-06 3.04890585673 True
2.65936708861 4.50796979744e-06 3.05289902282 True
2.69721518987 3.66282843425e-06 3.0569049309 True
2.73506329114 2.96893475721e-06 3.06092318867 True
2.77291139241 2.40079301167e-06 3.06495341738 True
2.81075949367 1.93692373016e-06 3.06899525146 True
2.84860759494 1.55924975873e-06 3.07304833813 True
2.8864556962 1.25261222708e-06 3.07711233696 True
2.92430379747 1.00431217586e-06 3.08118691948 True
2.96215189873 8.03792644028e-07 3.08527176878 True
3.0 6.42280785441e-07 3.08936657911 True
