#occupation n= 0.9 U= 5.0
#T,|m|,mu,sucess
0.01 0.310063363592 1.97348259038 True
0.0478481012658 0.308393628528 1.97355568058 True
0.0856962025316 0.302477031639 1.97742210685 True
0.123544303797 0.291665960829 1.98445373328 True
0.161392405063 0.274854968148 1.99418921882 True
0.199240506329 0.250657009622 2.00558532676 True
0.237088607595 0.216208598908 2.01767790053 True
0.274936708861 0.164623041969 2.02983088581 True
0.312784810127 0.0600463207145 2.04172402138 True
0.350632911392 1.5668313563e-06 2.03794642005 True
0.388481012658 6.45332945838e-07 2.03192360805 True
0.426329113924 6.41695231937e-05 2.02613498313 True
0.46417721519 4.55082967354e-05 2.02054836314 True
0.502025316456 2.08302945515e-05 2.01513914137 True
0.539873417722 5.38038276719e-06 2.00987359127 True
0.577721518987 1.45734361616e-05 2.00472310318 True
0.615569620253 5.29699973989e-06 1.99965164324 True
0.653417721519 1.31515363815e-06 1.99465214857 True
0.691265822785 6.05113050745e-08 1.98970364732 True
0.729113924051 1.03041103647e-05 1.98479138013 True
0.766962025316 2.58949502271e-07 1.97989090045 True
0.804810126582 3.47055613506e-06 1.97499987111 True
0.842658227848 3.78192562239e-06 1.97010522344 True
0.880506329114 3.13046373156e-06 1.96519638378 True
0.91835443038 2.30519527451e-06 1.96026468433 True
0.956202531646 1.58735563441e-06 1.95530299381 True
0.994050632911 1.04434533327e-06 1.95030546553 True
1.03189873418 6.63259610134e-07 1.94526734716 True
1.06974683544 4.0847202844e-07 1.94018482756 True
1.10759493671 2.4410674327e-07 1.93505490834 True
1.14544303797 1.41160728299e-07 1.92987529293 True
1.18329113924 7.84180633192e-08 1.9246442895 True
1.22113924051 4.12343909999e-08 1.91936072544 True
1.25898734177 1.72474934774e-05 1.91400815643 True
1.29683544304 1.31386397117e-05 1.90862065678 True
1.3346835443 9.97232622221e-06 1.90317896567 True
1.37253164557 7.54500346599e-06 1.89768338711 True
1.41037974684 5.69255671159e-06 1.89213444434 True
1.4482278481 4.28441177732e-06 1.88653283789 True
1.48607594937 3.2177495525e-06 1.88087941057 True
1.52392405063 2.41226918455e-06 1.87517511792 True
1.5617721519 1.80569569068e-06 1.86942100355 True
1.59962025316 1.35001590512e-06 1.86361817819 True
1.63746835443 1.00841979977e-06 1.85776780215 True
1.6753164557 7.52809293314e-07 1.85187107048 True
1.71316455696 5.61808694159e-07 1.84592920061 True
1.75101265823 4.19248234089e-07 1.83994342191 True
1.78886075949 3.12927980935e-07 1.83391496698 True
1.82670886076 1.16342027723e-05 1.8278669851 True
1.86455696203 9.16530547369e-06 1.82175292434 True
1.90240506329 7.22269639977e-06 1.8156005395 True
1.94025316456 5.69440030201e-06 1.80941089282 True
1.97810126582 4.49182925111e-06 1.80318504499 True
2.01594936709 3.54507138554e-06 1.79692404961 True
2.05379746835 2.79908870775e-06 1.79062894856 True
2.09164556962 2.21065417609e-06 1.7843007683 True
2.12949367089 1.74591838348e-06 1.77794051685 True
2.16734177215 1.37834399638e-06 1.77154918122 True
2.20518987342 1.08721713002e-06 1.76512772564 True
2.24303797468 8.56362930714e-07 1.75867709015 True
2.28088607595 6.73145408709e-07 1.75219818948 True
2.31873417722 5.27681266941e-07 1.74569191236 True
2.35658227848 4.12220119822e-07 1.73915912113 True
2.39443037975 3.20664006233e-07 1.73260065147 True
2.43227848101 2.48195187283e-07 1.72601731254 True
2.47012658228 1.90988432321e-07 1.71940988708 True
2.50797468354 1.45994967132e-07 1.7127791318 True
2.54582278481 1.10760092497e-07 1.70612577782 True
2.58367088608 8.33172455857e-08 1.69945053123 True
2.62151898734 9.70543624253e-06 1.69275626598 True
2.65936708861 7.94271007464e-06 1.68603898268 True
2.69721518987 6.47723510393e-06 1.67930181704 True
2.73506329114 5.26284054374e-06 1.67254537486 True
2.77291139241 4.2599947893e-06 1.66577024193 True
2.81075949367 3.4348524331e-06 1.65897698434 True
2.84860759494 2.75850655384e-06 1.65216614884 True
2.8864556962 2.20631248957e-06 1.64533826332 True
2.92430379747 1.75729793994e-06 1.63849383727 True
2.96215189873 1.39372014351e-06 1.63163336235 True
3.0 1.10059715928e-06 1.62475731289 True
