#occupation n= 0.98 U= 5.0
#T,|m|,mu,sucess
0.01 0.337860667982 2.42756325545 True
0.0478481012658 0.333671472199 2.42976473928 True
0.0856962025316 0.329525506465 2.43012544304 True
0.123544303797 0.322143332786 2.4307828303 True
0.161392405063 0.310182685824 2.43177474227 True
0.199240506329 0.291996125474 2.43305886537 True
0.237088607595 0.265469008469 2.43453944581 True
0.274936708861 0.227205228029 2.43612702176 True
0.312784810127 0.16902248487 2.43774491506 True
0.350632911392 0.0354987418855 2.43934141825 True
0.388481012658 1.98252478295e-05 2.43856223345 True
0.426329113924 3.95630163195e-05 2.43768837657 True
0.46417721519 5.030561617e-05 2.43681548157 True
0.502025316456 3.74217969167e-06 2.435939983 True
0.539873417722 6.1139295547e-06 2.43506368065 True
0.577721518987 4.61159763474e-05 2.43419793838 True
0.615569620253 1.5074312815e-05 2.43330326799 True
0.653417721519 7.02596963906e-06 2.43240562002 True
0.691265822785 2.45581825686e-06 2.43150031715 True
0.729113924051 6.15810920661e-07 2.43058625794 True
0.766962025316 1.96815929673e-05 2.42966209003 True
0.804810126582 9.99653167836e-06 2.42872531691 True
0.842658227848 5.28445043548e-06 2.42777648519 True
0.880506329114 2.80774569487e-06 2.42681500609 True
0.91835443038 1.4820500377e-06 2.42584050818 True
0.956202531646 7.71971585906e-07 2.4248527877 True
0.994050632911 3.94596679042e-07 2.42385176395 True
1.03189873418 1.96988093636e-07 2.42283744736 True
1.06974683544 1.28216172643e-05 2.42181362897 True
1.10759493671 7.02612830152e-06 2.42077164016 True
1.14544303797 3.9709879388e-06 2.4197173315 True
1.18329113924 2.49768507036e-06 2.41865073944 True
1.22113924051 1.87702617252e-06 2.41757196573 True
1.25898734177 1.56640957537e-06 2.4164811273 True
1.29683544304 1.24068370847e-06 2.41537839829 True
1.3346835443 8.80932238346e-07 2.41426407667 True
1.37253164557 5.63365552159e-07 2.41313851169 True
1.41037974684 3.26280530115e-07 2.41200204645 True
1.4482278481 1.70364817702e-07 2.4108550091 True
1.48607594937 1.2020217611e-05 2.40970054382 True
1.52392405063 5.42543480367e-06 2.40853200169 True
1.5617721519 1.8689963563e-06 2.40735433648 True
1.59962025316 2.60988634483e-07 2.40616769453 True
1.63746835443 3.14954378409e-07 2.40497222508 True
1.6753164557 4.38450061552e-07 2.40376811602 True
1.71316455696 3.98399726067e-07 2.40255559552 True
1.75101265823 3.15560996801e-07 2.40133491536 True
1.78886075949 2.33628320756e-07 2.40010633558 True
1.82670886076 1.65709578509e-07 2.39887011556 True
1.86455696203 9.96239460036e-06 2.39761412446 True
1.90240506329 7.01763173887e-06 2.39636761057 True
1.94025316456 4.79380854616e-06 2.39511283401 True
1.97810126582 3.1589274578e-06 2.39385045459 True
2.01594936709 1.99438339958e-06 2.39258098681 True
2.05379746835 1.19364885777e-06 2.39130484908 True
2.09164556962 6.64087981695e-07 2.39002239238 True
2.12949367089 3.28832329724e-07 2.38873391795 True
2.16734177215 1.27399964508e-07 2.38743968913 True
2.20518987342 1.44004865509e-08 2.38613994017 True
2.24303797468 4.27029748826e-08 2.38483488267 True
2.28088607595 8.51346554414e-06 2.38352532509 True
2.31873417722 6.26932763939e-06 2.38220975626 True
2.35658227848 4.60877133098e-06 2.38088961375 True
2.39443037975 3.38274387288e-06 2.3795649914 True
2.43227848101 2.47933038578e-06 2.37823599505 True
2.47012658228 1.81471911362e-06 2.37690273776 True
2.50797468354 1.32645648921e-06 2.3755653365 True
2.54582278481 9.68267195431e-07 2.37422390965 True
2.58367088608 7.05716892332e-07 2.37287857531 True
2.62151898734 5.13495072347e-07 2.37152945005 True
2.65936708861 3.72884631662e-07 2.37017664811 True
2.69721518987 2.70113402741e-07 2.3688202809 True
2.73506329114 1.95081981596e-07 2.36746045654 True
2.77291139241 1.40360586311e-07 2.3660972798 True
2.81075949367 1.00507678313e-07 2.36473085196 True
2.84860759494 7.15283198051e-08 2.36336127077 True
2.8864556962 5.04971340269e-08 2.36198863056 True
2.92430379747 3.52681245407e-08 2.36061302226 True
2.96215189873 2.42754472878e-08 2.3592345335 True
3.0 1.63727557489e-08 2.35785324875 True
