#occupation n= 1.02 U= 5.0
#T,|m|,mu,sucess
0.01 0.336610299947 2.66408785342 True
0.0478481012658 0.332796712381 2.66297255314 True
0.0856962025316 0.328523642753 2.6621215725 True
0.123544303797 0.320902286694 2.66053110317 True
0.161392405063 0.308532205479 2.65803838663 True
0.199240506329 0.28980627748 2.65478860471 True
0.237088607595 0.26268949077 2.65106004258 True
0.274936708861 0.223547730911 2.64709497762 True
0.312784810127 0.16355939269 2.64310238539 True
0.350632911392 0.00175942315963 2.63934255506 True
0.388481012658 7.26145304601e-05 2.64111309719 True
0.426329113924 3.54957350811e-05 2.64273876195 True
0.46417721519 9.54274377995e-06 2.64426675504 True
0.502025316456 4.05423791815e-05 2.64569339046 True
0.539873417722 4.25637776452e-06 2.64704931255 True
0.577721518987 4.0796298224e-05 2.64834088316 True
0.615569620253 1.59039731148e-05 2.64956270732 True
0.653417721519 1.72665943063e-05 2.65073686885 True
0.691265822785 1.77453350519e-06 2.65186897898 True
0.729113924051 1.06362039372e-06 2.65296760895 True
0.766962025316 5.04782117629e-07 2.65403776038 True
0.804810126582 2.22557291798e-07 2.6550851614 True
0.842658227848 2.52882899002e-05 2.65610973236 True
0.880506329114 1.48281680632e-05 2.65712777587 True
0.91835443038 8.45931324998e-06 2.65813579177 True
0.956202531646 4.74092388026e-06 2.65913724845 True
0.994050632911 2.62624184437e-06 2.66013517538 True
1.03189873418 1.443605225e-06 2.66113217004 True
1.06974683544 7.89327841909e-07 2.66213043426 True
1.10759493671 4.2990647709e-07 2.66313181866 True
1.14544303797 2.33397095082e-07 2.66413786671 True
1.18329113924 1.39007293381e-05 2.66515410742 True
1.22113924051 9.60743195145e-06 2.66617194173 True
1.25898734177 6.62747761677e-06 2.6671979002 True
1.29683544304 4.56185214372e-06 2.6682325818 True
1.3346835443 3.13203070577e-06 2.66927645475 True
1.37253164557 2.14389821773e-06 2.67032987358 True
1.41037974684 1.46230352741e-06 2.67139309435 True
1.4482278481 9.9322023368e-07 2.67246628826 True
1.48607594937 6.71270398055e-07 2.67354955371 True
1.52392405063 1.27184584346e-05 2.67464028636 True
1.5617721519 9.2022621748e-06 2.67574436816 True
1.59962025316 6.60876788352e-06 2.67685834695 True
1.63746835443 4.70470468616e-06 2.67798215367 True
1.6753164557 3.3145697388e-06 2.67911568327 True
1.71316455696 2.30639884951e-06 2.68025880133 True
1.75101265823 1.58102658287e-06 2.68141134983 True
1.78886075949 1.06406574218e-06 2.68257315204 True
1.82670886076 6.99850568417e-07 2.68374401661 True
1.86455696203 4.4685942288e-07 2.68492374115 True
1.90240506329 2.74247305308e-07 2.68611211519 True
1.94025316456 1.59213216892e-07 2.68730892266 True
1.97810126582 8.49959943173e-08 2.68851394403 True
2.01594936709 3.93456908373e-08 2.68972695809 True
2.05379746835 1.3353962039e-08 2.6909477434 True
2.09164556962 1.05962557421e-05 2.69217726219 True
2.12949367089 8.45965780791e-06 2.69341281566 True
2.16734177215 6.77976255497e-06 2.69465550216 True
2.20518987342 5.45522636383e-06 2.69590510668 True
2.24303797468 4.40640155331e-06 2.69716141868 True
2.28088607595 3.57131317068e-06 2.6984242324 True
2.31873417722 2.9020563493e-06 2.69969334719 True
2.35658227848 2.36191869994e-06 2.70096856773 True
2.39443037975 1.92293353809e-06 2.70224970413 True
2.43227848101 1.56391695814e-06 2.70353657205 True
2.47012658228 9.93248938915e-06 2.70482240924 True
2.50797468354 7.3597531639e-06 2.70612062406 True
2.54582278481 5.45693441369e-06 2.70742407074 True
2.58367088608 4.06706804011e-06 2.70873258255 True
2.62151898734 3.06344300673e-06 2.7100459962 True
2.65936708861 2.34549514237e-06 2.71136415267 True
2.69721518987 1.83467491744e-06 2.71268689751 True
2.73506329114 1.47083128119e-06 2.7140140813 True
2.77291139241 1.20905332562e-06 2.71534556011 True
2.81075949367 1.0166725006e-06 2.71668119578 True
2.84860759494 8.70662125993e-07 2.71802085609 True
2.8864556962 7.5532431921e-07 2.71936441471 True
2.92430379747 6.60348521521e-07 2.7207117511 True
2.96215189873 5.79240064634e-07 2.72206275009 True
3.0 5.08089691092e-07 2.72341730165 True
