#occupation n= 0.94 U= 5.0
#T,|m|,mu,sucess
0.01 0.328229052899 2.20119844737 True
0.0478481012658 0.325936438036 2.19825235998 True
0.0856962025316 0.321408415912 2.19990149662 True
0.123544303797 0.313214827947 2.20303844659 True
0.161392405063 0.299971914236 2.20777338263 True
0.199240506329 0.280161252893 2.21375685774 True
0.237088607595 0.251554787984 2.22050820014 True
0.274936708861 0.210081722959 2.22758794331 True
0.312784810127 0.144606809303 2.23468492706 True
0.350632911392 0.000171553393372 2.23925222159 True
0.388481012658 0.000152610957247 2.23577846107 True
0.426329113924 9.8522986178e-05 2.23240429288 True
0.46417721519 5.61435236663e-06 2.2291328762 True
0.502025316456 6.96236590645e-06 2.22595994509 True
0.539873417722 4.4715622339e-06 2.22286361571 True
0.577721518987 3.58657560611e-06 2.21983162528 True
0.615569620253 4.59269337466e-06 2.21683362574 True
0.653417721519 2.44287390288e-06 2.21387230554 True
0.691265822785 1.08420206191e-06 2.21093483002 True
0.729113924051 2.48863791987e-05 2.20801920435 True
0.766962025316 5.91109881896e-06 2.20509613439 True
0.804810126582 2.53838505345e-06 2.20215693349 True
0.842658227848 3.02599446845e-06 2.19924699897 True
0.880506329114 2.99664175702e-06 2.19630758685 True
0.91835443038 2.37710519938e-06 2.1933515136 True
0.956202531646 1.70589185069e-06 2.19037490378 True
0.994050632911 1.15687084609e-06 2.18737463458 True
1.03189873418 7.57011683166e-07 2.18434821266 True
1.06974683544 4.83504464535e-07 2.18129367662 True
1.10759493671 3.0348136726e-07 2.17820951765 True
1.14544303797 1.87970399364e-07 2.17509461328 True
1.18329113924 1.1515964988e-07 2.1719481711 True
1.22113924051 1.68289468318e-05 2.16875539364 True
1.25898734177 1.28814478777e-05 2.16554731061 True
1.29683544304 9.81466036533e-06 2.16230636819 True
1.3346835443 7.44909239899e-06 2.15903272895 True
1.37253164557 5.63491694598e-06 2.15572669536 True
1.41037974684 4.25023595629e-06 2.15238868192 True
1.4482278481 3.19763056168e-06 2.14901919246 True
1.48607594937 2.40025319913e-06 2.14561880126 True
1.52392405063 1.79806974544e-06 2.14218813753 True
1.5617721519 1.34453586771e-06 2.13872787237 True
1.59962025316 1.00379367411e-06 2.13523870783 True
1.63746835443 7.48369295162e-07 2.1317213678 True
1.6753164557 5.57267873058e-07 2.12817659037 True
1.71316455696 4.14533358286e-07 2.12460512137 True
1.75101265823 3.08083911834e-07 2.12100770904 True
1.78886075949 2.28795920852e-07 2.11738509956 True
1.82670886076 1.15830039856e-05 2.11374872413 True
1.86455696203 9.02961353819e-06 2.11007595132 True
1.90240506329 7.02092631518e-06 2.10638052418 True
1.94025316456 5.44501831146e-06 2.10266309146 True
1.97810126582 4.21186940761e-06 2.09892429637 True
2.01594936709 3.24932497023e-06 2.09516477406 True
2.05379746835 2.49976789621e-06 2.09138514957 True
2.09164556962 1.9173728979e-06 2.08758603621 True
2.12949367089 1.46586775629e-06 2.08376803425 True
2.16734177215 1.11658143494e-06 2.07993172991 True
2.20518987342 8.46991437343e-07 2.0760776946 True
2.24303797468 6.39455241992e-07 2.07220648439 True
2.28088607595 4.80167240273e-07 2.06831863958 True
2.31873417722 3.58352128669e-07 2.06441468449 True
2.35658227848 2.65597978411e-07 2.06049512736 True
2.39443037975 1.95339728751e-07 2.05656046033 True
2.43227848101 1.42448255498e-07 2.0526111596 True
2.47012658228 1.02915591871e-07 2.0486476856 True
2.50797468354 7.36107095301e-08 2.04467048327 True
2.54582278481 9.6870936143e-06 2.0406819629 True
2.58367088608 7.79196307815e-06 2.03667828609 True
2.62151898734 6.2428699478e-06 2.03266216419 True
2.65936708861 4.98254734778e-06 2.02863397931 True
2.69721518987 3.9620083802e-06 2.02459410054 True
2.73506329114 3.13949127922e-06 2.02054288426 True
2.77291139241 2.47960213093e-06 2.01648067444 True
2.81075949367 1.9525113325e-06 2.01240780304 True
2.84860759494 1.53325241683e-06 2.00832459034 True
2.8864556962 1.20106988686e-06 2.00423134537 True
2.92430379747 9.38821682195e-07 2.00012836627 True
2.96215189873 7.32468817374e-07 1.99601594068 True
3.0 5.70581075925e-07 1.99189434614 True
