# Temp,hmesh,Mz
0.01 1e-08 4.50202441993e-09
0.01 0.0157894831579 0.0070888081901
0.01 0.0315789563158 0.0141516171667
0.01 0.0473684294737 0.0212123506263
0.01 0.0631579026316 0.0283897927566
0.01 0.0789473757895 0.0355911667338
0.01 0.0947368489474 0.0425745233086
0.01 0.110526322105 0.049565355668
0.01 0.126315795263 0.0570494629494
0.01 0.142105268421 0.0645332896346
0.01 0.157894741579 0.0714820943543
0.01 0.173684214737 0.0785366934989
0.01 0.189473687895 0.0864027194044
0.01 0.205263161053 0.094148964637
0.01 0.221052634211 0.101794630639
0.01 0.236842107368 0.109546220007
0.01 0.252631580526 0.116940097866
0.01 0.268421053684 0.124296036206
0.01 0.284210526842 0.132028814395
0.01 0.3 0.139061639638
0.0357894736842 1e-08 4.53700477188e-09
0.0357894736842 0.0157894831579 0.0071651621288
0.0357894736842 0.0315789563158 0.0143354211761
0.0357894736842 0.0473684294737 0.0215161081806
0.0357894736842 0.0631579026316 0.0287123702883
0.0357894736842 0.0789473757895 0.0359286200823
0.0357894736842 0.0947368489474 0.0431683762775
0.0357894736842 0.110526322105 0.0504345743971
0.0357894736842 0.126315795263 0.0577292718254
0.0357894736842 0.142105268421 0.065050331968
0.0357894736842 0.157894741579 0.0723932401142
0.0357894736842 0.173684214737 0.0797516274956
0.0357894736842 0.189473687895 0.0871148289639
0.0357894736842 0.205263161053 0.0944684010749
0.0357894736842 0.221052634211 0.101796383131
0.0357894736842 0.236842107368 0.109081238695
0.0357894736842 0.252631580526 0.116305446508
0.0357894736842 0.268421053684 0.123453440552
0.0357894736842 0.284210526842 0.130511957879
0.0357894736842 0.3 0.137470218351
0.0615789473684 1e-08 4.61000126961e-09
0.0615789473684 0.0157894831579 0.00727949136526
0.0615789473684 0.0315789563158 0.0145593559358
0.0615789473684 0.0473684294737 0.0218396640236
0.0615789473684 0.0631579026316 0.0291203392972
0.0615789473684 0.0789473757895 0.0364004623935
0.0615789473684 0.0947368489474 0.0436784287934
0.0615789473684 0.110526322105 0.0509518979127
0.0615789473684 0.126315795263 0.0582177407137
0.0615789473684 0.142105268421 0.0654718191823
0.0615789473684 0.157894741579 0.0727090126948
0.0615789473684 0.173684214737 0.0799238301928
0.0615789473684 0.189473687895 0.0871101895858
0.0615789473684 0.205263161053 0.0942612913033
0.0615789473684 0.221052634211 0.101370474177
0.0615789473684 0.236842107368 0.108431291797
0.0615789473684 0.252631580526 0.115437067245
0.0615789473684 0.268421053684 0.122382060209
0.0615789473684 0.284210526842 0.129261064399
0.0615789473684 0.3 0.136069277964
0.0873684210526 1e-08 4.618281646e-09
0.0873684210526 0.0157894831579 0.00729193477252
0.0873684210526 0.0315789563158 0.0145805454932
0.0873684210526 0.0473684294737 0.0218626423862
0.0873684210526 0.0631579026316 0.0291348812761
0.0873684210526 0.0789473757895 0.036393802424
0.0873684210526 0.0947368489474 0.043635840055
0.0873684210526 0.110526322105 0.0508574564614
0.0873684210526 0.126315795263 0.058055019897
0.0873684210526 0.142105268421 0.0652247545529
0.0873684210526 0.157894741579 0.0723627862515
0.0873684210526 0.173684214737 0.0794654898815
0.0873684210526 0.189473687895 0.0865290626912
0.0873684210526 0.205263161053 0.0935498637738
0.0873684210526 0.221052634211 0.100524360562
0.0873684210526 0.236842107368 0.107449200326
0.0873684210526 0.252631580526 0.114321278702
0.0873684210526 0.268421053684 0.121137720343
0.0873684210526 0.284210526842 0.127896047743
0.0873684210526 0.3 0.134593820499
0.113157894737 1e-08 4.57440296753e-09
0.113157894737 0.0157894831579 0.0072224382003
0.113157894737 0.0315789563158 0.0144407214654
0.113157894737 0.0473684294737 0.0216506391769
0.113157894737 0.0631579026316 0.0288481499122
0.113157894737 0.0789473757895 0.0360292162314
0.113157894737 0.0947368489474 0.0431899630702
0.113157894737 0.110526322105 0.0503265266425
0.113157894737 0.126315795263 0.0574354330723
0.113157894737 0.142105268421 0.0645130055297
0.113157894737 0.157894741579 0.0715560221646
0.113157894737 0.173684214737 0.078561414435
0.113157894737 0.189473687895 0.0855262614805
0.113157894737 0.205263161053 0.0924478775734
0.113157894737 0.221052634211 0.0993236671803
0.113157894737 0.236842107368 0.106151460114
0.113157894737 0.252631580526 0.112929163395
0.113157894737 0.268421053684 0.119654977376
0.113157894737 0.284210526842 0.126327197846
0.113157894737 0.3 0.132944589657
0.138947368421 1e-08 4.50468984337e-09
0.138947368421 0.0157894831579 0.00711237853717
0.138947368421 0.0315789563158 0.0142207362433
0.138947368421 0.0473684294737 0.0213211505977
0.138947368421 0.0631579026316 0.0284097970304
0.138947368421 0.0789473757895 0.0354827806737
0.138947368421 0.0947368489474 0.042536379534
0.138947368421 0.110526322105 0.0495671421089
0.138947368421 0.126315795263 0.0565717755202
0.138947368421 0.142105268421 0.0635468743746
0.138947368421 0.157894741579 0.0704895793186
0.138947368421 0.173684214737 0.0773971083431
0.138947368421 0.189473687895 0.0842667893922
0.138947368421 0.205263161053 0.0910962696291
0.138947368421 0.221052634211 0.0978834347775
0.138947368421 0.236842107368 0.104626273328
0.138947368421 0.252631580526 0.111323186154
0.138947368421 0.268421053684 0.117972470151
0.138947368421 0.284210526842 0.124572855838
0.138947368421 0.3 0.131123148679
0.164736842105 1e-08 4.42474601403e-09
0.164736842105 0.0157894831579 0.00698614196859
0.164736842105 0.0315789563158 0.0139689105732
0.164736842105 0.0473684294737 0.0209446741822
0.164736842105 0.0631579026316 0.0279099559238
0.164736842105 0.0789473757895 0.0348615407155
0.164736842105 0.0947368489474 0.0417961953634
0.164736842105 0.110526322105 0.048710693477
0.164736842105 0.126315795263 0.0556019955973
0.164736842105 0.142105268421 0.0624673098048
0.164736842105 0.157894741579 0.0693039840803
0.164736842105 0.173684214737 0.0761094077191
0.164736842105 0.189473687895 0.0828811988947
0.164736842105 0.205263161053 0.0896171832454
0.164736842105 0.221052634211 0.0963155072058
0.164736842105 0.236842107368 0.102974206656
0.164736842105 0.252631580526 0.109591720358
0.164736842105 0.268421053684 0.116166491943
0.164736842105 0.284210526842 0.12269732199
0.164736842105 0.3 0.12918311119
0.190526315789 1e-08 4.34236202551e-09
0.190526315789 0.0157894831579 0.00685616700391
0.190526315789 0.0315789563158 0.0137093807277
0.190526315789 0.0473684294737 0.0205566696526
0.190526315789 0.0631579026316 0.0273949880861
0.190526315789 0.0789473757895 0.0342216050438
0.190526315789 0.0947368489474 0.0410336517936
0.190526315789 0.110526322105 0.0478284140446
0.190526315789 0.126315795263 0.0546031933104
0.190526315789 0.142105268421 0.0613556266476
0.190526315789 0.157894741579 0.0680831986698
0.190526315789 0.173684214737 0.0747837146029
0.190526315789 0.189473687895 0.0814548702725
0.190526315789 0.205263161053 0.0880948820718
0.190526315789 0.221052634211 0.0947018339815
0.190526315789 0.236842107368 0.101274004783
0.190526315789 0.252631580526 0.107809775915
0.190526315789 0.268421053684 0.114307921966
0.190526315789 0.284210526842 0.120766944943
0.190526315789 0.3 0.12718571018
0.216315789474 1e-08 4.26124691089e-09
0.216315789474 0.0157894831579 0.00672816873055
0.216315789474 0.0315789563158 0.0134538416795
0.216315789474 0.0473684294737 0.0201743898634
0.216315789474 0.0631579026316 0.0268874031609
0.216315789474 0.0789473757895 0.0335904796588
0.216315789474 0.0947368489474 0.0402811146739
0.216315789474 0.110526322105 0.046956923349
0.216315789474 0.126315795263 0.0536157874879
0.216315789474 0.142105268421 0.0602553820437
0.216315789474 0.157894741579 0.0668736961669
0.216315789474 0.173684214737 0.073468578719
0.216315789474 0.189473687895 0.0800382955785
0.216315789474 0.205263161053 0.0865808880149
0.216315789474 0.221052634211 0.0930947287338
0.216315789474 0.236842107368 0.0995782637279
0.216315789474 0.252631580526 0.106030030671
0.216315789474 0.268421053684 0.112448568689
0.216315789474 0.284210526842 0.118832733679
0.216315789474 0.3 0.125181356842
0.242105263158 1e-08 4.1830729991e-09
0.242105263158 0.0157894831579 0.00660481129557
0.242105263158 0.0315789563158 0.0132074223602
0.242105263158 0.0473684294737 0.0198057476564
0.242105263158 0.0631579026316 0.0263977191675
0.242105263158 0.0789473757895 0.032981048481
0.242105263158 0.0947368489474 0.0395538496782
0.242105263158 0.110526322105 0.0461140735003
0.242105263158 0.126315795263 0.052659614373
0.242105263158 0.142105268421 0.0591887236703
0.242105263158 0.157894741579 0.0656995006464
0.242105263158 0.173684214737 0.0721901948164
0.242105263158 0.189473687895 0.078658979367
0.242105263158 0.205263161053 0.0851044136725
0.242105263158 0.221052634211 0.0915248918398
0.242105263158 0.236842107368 0.0979189055429
0.242105263158 0.252631580526 0.104285109334
0.242105263158 0.268421053684 0.110622303073
0.242105263158 0.284210526842 0.116929248192
0.242105263158 0.3 0.123204796054
0.267894736842 1e-08 4.10851819233e-09
0.267894736842 0.0157894831579 0.00648713130273
0.267894736842 0.0315789563158 0.0129723857928
0.267894736842 0.0473684294737 0.0194540210532
0.267894736842 0.0631579026316 0.0259301050669
0.267894736842 0.0789473757895 0.032398864023
0.267894736842 0.0947368489474 0.0388585952177
0.267894736842 0.110526322105 0.0453074358454
0.267894736842 0.126315795263 0.0517437849409
0.267894736842 0.142105268421 0.0581658716109
0.267894736842 0.157894741579 0.0645721828905
0.267894736842 0.173684214737 0.0709610926053
0.267894736842 0.189473687895 0.0773311067986
0.267894736842 0.205263161053 0.0836806864715
0.267894736842 0.221052634211 0.0900086708917
0.267894736842 0.236842107368 0.0963135235046
0.267894736842 0.252631580526 0.102594097675
0.267894736842 0.268421053684 0.108849107484
0.267894736842 0.284210526842 0.115077633401
0.267894736842 0.3 0.121278486062
0.293684210526 1e-08 4.03777300484e-09
0.293684210526 0.0157894831579 0.00637544558441
0.293684210526 0.0315789563158 0.0127493273348
0.293684210526 0.0473684294737 0.0191200172338
0.293684210526 0.0631579026316 0.025485924657
0.293684210526 0.0789473757895 0.0318455454977
0.293684210526 0.0947368489474 0.0381973124144
0.293684210526 0.110526322105 0.0445397998942
0.293684210526 0.126315795263 0.0508712965575
0.293684210526 0.142105268421 0.0571906023508
0.293684210526 0.157894741579 0.0634961283052
0.293684210526 0.173684214737 0.0697865092855
0.293684210526 0.189473687895 0.0760604598043
0.293684210526 0.205263161053 0.0823166842586
0.293684210526 0.221052634211 0.0885538603266
0.293684210526 0.236842107368 0.0947708693699
0.293684210526 0.252631580526 0.100966572258
0.293684210526 0.268421053684 0.107139869271
0.293684210526 0.284210526842 0.113289698582
0.293684210526 0.3 0.119415094919
0.319473684211 1e-08 3.97078570025e-09
0.319473684211 0.0157894831579 0.00626966561315
0.319473684211 0.0315789563158 0.0125379553136
0.319473684211 0.0473684294737 0.0188034857858
0.319473684211 0.0631579026316 0.025064913329
0.319473684211 0.0789473757895 0.0313208730858
0.319473684211 0.0947368489474 0.0375699228321
0.319473684211 0.110526322105 0.0438109245595
0.319473684211 0.126315795263 0.0500423916847
0.319473684211 0.142105268421 0.0562631175775
0.319473684211 0.157894741579 0.0624719192668
0.319473684211 0.173684214737 0.0686674562753
0.319473684211 0.189473687895 0.0748486352337
0.319473684211 0.205263161053 0.0810142100455
0.319473684211 0.221052634211 0.0871631348226
0.319473684211 0.236842107368 0.0932942603933
0.319473684211 0.252631580526 0.0994066469195
0.319473684211 0.268421053684 0.105499196137
0.319473684211 0.284210526842 0.11157100598
0.319473684211 0.3 0.117621145738
0.345263157895 1e-08 3.90733578826e-09
0.345263157895 0.0157894831579 0.00616953419231
0.345263157895 0.0315789563158 0.0123378314096
0.345263157895 0.0473684294737 0.0185037396779
0.345263157895 0.0631579026316 0.024666029899
0.345263157895 0.0789473757895 0.0308235073158
0.345263157895 0.0947368489474 0.0369750204909
0.345263157895 0.110526322105 0.0431193803067
0.345263157895 0.126315795263 0.0492554636967
0.345263157895 0.142105268421 0.0553820745696
0.345263157895 0.157894741579 0.061498219649
0.345263157895 0.173684214737 0.067602716878
0.345263157895 0.189473687895 0.0736945034945
0.345263157895 0.205263161053 0.0797726381537
0.345263157895 0.221052634211 0.0858359999022
0.345263157895 0.236842107368 0.0918837003686
0.345263157895 0.252631580526 0.0979147331417
0.345263157895 0.268421053684 0.103928226018
0.345263157895 0.284210526842 0.109923217927
0.345263157895 0.3 0.11589895178
0.371052631579 1e-08 3.8472283137e-09
0.371052631579 0.0157894831579 0.00607464536102
0.371052631579 0.0315789563158 0.0121481312616
0.371052631579 0.0473684294737 0.0182195189114
0.371052631579 0.0631579026316 0.0242877191171
0.371052631579 0.0789473757895 0.0303516912733
0.371052631579 0.0947368489474 0.0364103847012
0.371052631579 0.110526322105 0.0424627695872
0.371052631579 0.126315795263 0.0485078350116
0.371052631579 0.142105268421 0.0545445613532
0.371052631579 0.157894741579 0.0605719892549
0.371052631579 0.173684214737 0.0665891194443
0.371052631579 0.189473687895 0.0725950060298
0.371052631579 0.205263161053 0.0785887435249
0.371052631579 0.221052634211 0.0845694144278
0.371052631579 0.236842107368 0.0905361174245
0.371052631579 0.252631580526 0.0964880498585
0.371052631579 0.268421053684 0.102424313633
0.371052631579 0.284210526842 0.108344118527
0.371052631579 0.3 0.114246732847
0.396842105263 1e-08 3.79014797325e-09
0.396842105263 0.0157894831579 0.00598440111982
0.396842105263 0.0315789563158 0.0119678792991
0.396842105263 0.0473684294737 0.0179494697894
0.396842105263 0.0631579026316 0.0239282415231
0.396842105263 0.0789473757895 0.0299032740294
0.396842105263 0.0947368489474 0.0358735890271
0.396842105263 0.110526322105 0.0418383368787
0.396842105263 0.126315795263 0.0477965423599
0.396842105263 0.142105268421 0.0537474179943
0.396842105263 0.157894741579 0.059689976511
0.396842105263 0.173684214737 0.0656233952268
0.396842105263 0.189473687895 0.0715468145268
0.396842105263 0.205263161053 0.0774593621403
0.396842105263 0.221052634211 0.0833602894103
0.396842105263 0.236842107368 0.0892487308933
0.396842105263 0.252631580526 0.0951239407691
0.396842105263 0.268421053684 0.100985252149
0.396842105263 0.284210526842 0.106831808134
0.396842105263 0.3 0.112662895698
0.422631578947 1e-08 3.73591035885e-09
0.422631578947 0.0157894831579 0.00589877833285
0.422631578947 0.0315789563158 0.0117966900935
0.422631578947 0.0473684294737 0.017692941082
0.422631578947 0.0631579026316 0.0235866544244
0.422631578947 0.0789473757895 0.029476987806
0.422631578947 0.0947368489474 0.0353631314578
0.422631578947 0.110526322105 0.0412442925647
0.422631578947 0.126315795263 0.0471196404704
0.422631578947 0.142105268421 0.0529883712195
0.422631578947 0.157894741579 0.0588496963902
0.422631578947 0.173684214737 0.0647028293127
0.422631578947 0.189473687895 0.0705470377377
0.422631578947 0.205263161053 0.0763815099547
0.422631578947 0.221052634211 0.0822055225198
0.422631578947 0.236842107368 0.0880183639691
0.422631578947 0.252631580526 0.0938193193661
0.422631578947 0.268421053684 0.0996076586184
0.422631578947 0.284210526842 0.105382786632
0.422631578947 0.3 0.111143967335
0.448421052632 1e-08 3.68419905694e-09
0.448421052632 0.0157894831579 0.00581704539694
0.448421052632 0.0315789563158 0.0116333336096
0.448421052632 0.0473684294737 0.0174481158919
0.448421052632 0.0631579026316 0.0232606419484
0.448421052632 0.0789473757895 0.0290701646754
0.448421052632 0.0947368489474 0.0348759412065
0.448421052632 0.110526322105 0.0406772339418
0.448421052632 0.126315795263 0.0464733115574
0.448421052632 0.142105268421 0.0522634499918
0.448421052632 0.157894741579 0.0580469334057
0.448421052632 0.173684214737 0.0638230551111
0.448421052632 0.189473687895 0.069591118468
0.448421052632 0.205263161053 0.0753504745547
0.448421052632 0.221052634211 0.0811004387451
0.448421052632 0.236842107368 0.0868403262886
0.448421052632 0.252631580526 0.0925694654405
0.448421052632 0.268421053684 0.0982872548199
0.448421052632 0.284210526842 0.103993055976
0.448421052632 0.3 0.109686264419
0.474210526316 1e-08 3.63483376731e-09
0.474210526316 0.0157894831579 0.00573912590872
0.474210526316 0.0315789563158 0.0114775688776
0.474210526316 0.0473684294737 0.0172146541027
0.474210526316 0.0631579026316 0.0229497048739
0.474210526316 0.0789473757895 0.0286820470663
0.474210526316 0.0947368489474 0.0344110099892
0.474210526316 0.110526322105 0.0401359272219
0.474210526316 0.126315795263 0.0458561374367
0.474210526316 0.142105268421 0.0515709852035
0.474210526316 0.157894741579 0.0572798217764
0.474210526316 0.173684214737 0.0629820058566
0.474210526316 0.189473687895 0.0686769043325
0.474210526316 0.205263161053 0.0743638929924
0.474210526316 0.221052634211 0.0800423572092
0.474210526316 0.236842107368 0.0857116925944
0.474210526316 0.252631580526 0.0913713056209
0.474210526316 0.268421053684 0.0970206142114
0.474210526316 0.284210526842 0.102659048293
0.474210526316 0.3 0.108286050315
0.5 1e-08 3.58761731434e-09
0.5 0.0157894831579 0.00566457740838
0.5 0.0315789563158 0.0113285357874
0.5 0.0473684294737 0.0169912639911
0.5 0.0631579026316 0.0226521486985
0.5 0.0789473757895 0.0283105787028
0.5 0.0947368489474 0.0339659456059
0.5 0.110526322105 0.0396176445041
0.5 0.126315795263 0.0452650746639
0.5 0.142105268421 0.050907640185
0.5 0.157894741579 0.056544750648
0.5 0.173684214737 0.0621758217475
0.5 0.189473687895 0.067800275905
0.5 0.205263161053 0.0734175428639
0.5 0.221052634211 0.0790270602623
0.5 0.236842107368 0.0846282741833
0.5 0.252631580526 0.0902206396812
0.5 0.268421053684 0.0958036212831
0.5 0.284210526842 0.101376693463
0.5 0.3 0.106939341092
