# Temp,hmesh,chiz
0.01 1e-08 0.450202441993
0.01 0.0157894831579 0.448957581877
0.01 0.0315789563158 0.447311250095
0.01 0.0473684294737 0.447179800682
0.01 0.0631579026316 0.454571350072
0.01 0.0789473757895 0.456087033756
0.01 0.0947368489474 0.44227926448
0.01 0.110526322105 0.442752730856
0.01 0.126315795263 0.473993476951
0.01 0.142105268421 0.473975705868
0.01 0.157894741579 0.440090980247
0.01 0.173684214737 0.446791294049
0.01 0.189473687895 0.498181657288
0.01 0.205263161053 0.490595547752
0.01 0.221052634211 0.484225529583
0.01 0.236842107368 0.490934009697
0.01 0.252631580526 0.468278946666
0.01 0.268421053684 0.465876110413
0.01 0.284210526842 0.489742634977
0.01 0.3 0.445412280192
0.0357894736842 1e-08 0.453700477188
0.0357894736842 0.0157894831579 0.453793329273
0.0357894736842 0.0315789563158 0.454116421469
0.0357894736842 0.0473684294737 0.454776858772
0.0357894736842 0.0631579026316 0.455763282015
0.0357894736842 0.0789473757895 0.457029168859
0.0357894736842 0.0947368489474 0.458517907645
0.0357894736842 0.110526322105 0.460192562911
0.0357894736842 0.126315795263 0.461997519197
0.0357894736842 0.142105268421 0.463667157821
0.0357894736842 0.157894741579 0.465050864758
0.0357894736842 0.173684214737 0.466031216356
0.0357894736842 0.189473687895 0.46633610854
0.0357894736842 0.205263161053 0.465726249218
0.0357894736842 0.221052634211 0.464105545707
0.0357894736842 0.236842107368 0.461374201083
0.0357894736842 0.252631580526 0.45753317676
0.0357894736842 0.268421053684 0.452706304532
0.0357894736842 0.284210526842 0.447039445613
0.0357894736842 0.3 0.440689844545
0.0615789473684 1e-08 0.461000126961
0.0615789473684 0.0157894831579 0.461034176534
0.0615789473684 0.0315789563158 0.461058104834
0.0615789473684 0.0473684294737 0.461086194266
0.0615789473684 0.0631579026316 0.461109449368
0.0615789473684 0.0789473757895 0.46107447813
0.0615789473684 0.0947368489474 0.460937887359
0.0615789473684 0.110526322105 0.460653059576
0.0615789473684 0.126315795263 0.460170059405
0.0615789473684 0.142105268421 0.45942498499
0.0615789473684 0.157894741579 0.458355604409
0.0615789473684 0.173684214737 0.456938456768
0.0615789473684 0.189473687895 0.455136110063
0.0615789473684 0.205263161053 0.452903123868
0.0615789473684 0.221052634211 0.450248263658
0.0615789473684 0.236842107368 0.447185130853
0.0615789473684 0.252631580526 0.443699126473
0.0615789473684 0.268421053684 0.439849569091
0.0615789473684 0.284210526842 0.435670279898
0.0615789473684 0.3 0.431186873478
0.0873684210526 1e-08 0.4618281646
0.0873684210526 0.0157894831579 0.461822258496
0.0873684210526 0.0315789563158 0.461612027696
0.0873684210526 0.0473684294737 0.461199485264
0.0873684210526 0.0631579026316 0.460575145047
0.0873684210526 0.0789473757895 0.459731688025
0.0873684210526 0.0947368489474 0.458662398582
0.0873684210526 0.110526322105 0.45736905432
0.0873684210526 0.126315795263 0.455845699448
0.0873684210526 0.142105268421 0.45408321001
0.0873684210526 0.157894741579 0.452075355985
0.0873684210526 0.173684214737 0.449837911556
0.0873684210526 0.189473687895 0.447359626197
0.0873684210526 0.205263161053 0.44465075005
0.0873684210526 0.221052634211 0.441718144663
0.0873684210526 0.236842107368 0.438573199672
0.0873684210526 0.252631580526 0.435231644963
0.0873684210526 0.268421053684 0.431707984963
0.0873684210526 0.284210526842 0.428027416295
0.0873684210526 0.3 0.424192288703
0.113157894737 1e-08 0.457440296753
0.113157894737 0.0157894831579 0.457420811554
0.113157894737 0.0315789563158 0.457157955362
0.113157894737 0.0473684294737 0.456628136952
0.113157894737 0.0631579026316 0.45584236176
0.113157894737 0.0789473757895 0.454800882042
0.113157894737 0.0947368489474 0.453513981578
0.113157894737 0.110526322105 0.451982374643
0.113157894737 0.126315795263 0.450230755561
0.113157894737 0.142105268421 0.448246270575
0.113157894737 0.157894741579 0.446057735083
0.113157894737 0.173684214737 0.443674858582
0.113157894737 0.189473687895 0.44110699425
0.113157894737 0.205263161053 0.438369033829
0.113157894737 0.221052634211 0.435466689619
0.113157894737 0.236842107368 0.432426900246
0.113157894737 0.252631580526 0.429254555401
0.113157894737 0.268421053684 0.425968233011
0.113157894737 0.284210526842 0.422573977152
0.113157894737 0.3 0.419101495389
0.138947368421 1e-08 0.450468984337
0.138947368421 0.0157894831579 0.450450370405
0.138947368421 0.0315789563158 0.450196003061
0.138947368421 0.0473684294737 0.4496929241
0.138947368421 0.0631579026316 0.448947622373
0.138947368421 0.0789473757895 0.447955645676
0.138947368421 0.0947368489474 0.446727942704
0.138947368421 0.110526322105 0.44528164459
0.138947368421 0.126315795263 0.443626797499
0.138947368421 0.142105268421 0.441756275509
0.138947368421 0.157894741579 0.439704661107
0.138947368421 0.173684214737 0.437476852804
0.138947368421 0.189473687895 0.435079814276
0.138947368421 0.205263161053 0.432533762754
0.138947368421 0.221052634211 0.42985380706
0.138947368421 0.236842107368 0.42704645574
0.138947368421 0.252631580526 0.424137826501
0.138947368421 0.268421053684 0.42112133381
0.138947368421 0.284210526842 0.418024440775
0.138947368421 0.3 0.414851893784
0.164736842105 1e-08 0.442474601403
0.164736842105 0.0157894831579 0.442455392525
0.164736842105 0.0315789563158 0.442242026368
0.164736842105 0.0473684294737 0.441798376629
0.164736842105 0.0631579026316 0.441134525008
0.164736842105 0.0789473757895 0.440267051483
0.164736842105 0.0947368489474 0.439194809006
0.164736842105 0.110526322105 0.437918228459
0.164736842105 0.126315795263 0.436449148834
0.164736842105 0.142105268421 0.434803247635
0.164736842105 0.157894741579 0.432989385211
0.164736842105 0.173684214737 0.431010178158
0.164736842105 0.189473687895 0.428880122084
0.164736842105 0.205263161053 0.42661235643
0.164736842105 0.221052634211 0.424227198302
0.164736842105 0.236842107368 0.421717645875
0.164736842105 0.252631580526 0.419109215148
0.164736842105 0.268421053684 0.416402214214
0.164736842105 0.284210526842 0.413619250129
0.164736842105 0.3 0.410766663018
0.190526315789 1e-08 0.434236202551
0.190526315789 0.0157894831579 0.434223649706
0.190526315789 0.0315789563158 0.434036883644
0.190526315789 0.0473684294737 0.433661646366
0.190526315789 0.0631579026316 0.433093515224
0.190526315789 0.0789473757895 0.432352421733
0.190526315789 0.0947368489474 0.431429641864
0.190526315789 0.110526322105 0.430334956908
0.190526315789 0.126315795263 0.429069367804
0.190526315789 0.142105268421 0.427654125613
0.190526315789 0.157894741579 0.426079575608
0.190526315789 0.173684214737 0.424366023242
0.190526315789 0.189473687895 0.422506539824
0.190526315789 0.205263161053 0.420534094639
0.190526315789 0.221052634211 0.418440301566
0.190526315789 0.236842107368 0.416237497965
0.190526315789 0.252631580526 0.413932185482
0.190526315789 0.268421053684 0.411549263622
0.190526315789 0.284210526842 0.409071468865
0.190526315789 0.3 0.406521811857
0.216315789474 1e-08 0.426124691089
0.216315789474 0.0157894831579 0.426117097259
0.216315789474 0.0315789563158 0.425959300965
0.216315789474 0.0473684294737 0.425634732505
0.216315789474 0.0631579026316 0.425157523009
0.216315789474 0.0789473757895 0.42452819235
0.216315789474 0.0947368489474 0.423740231751
0.216315789474 0.110526322105 0.422801230184
0.216315789474 0.126315795263 0.421728076189
0.216315789474 0.142105268421 0.420507669214
0.216315789474 0.157894741579 0.419159908444
0.216315789474 0.173684214737 0.417675908884
0.216315789474 0.189473687895 0.416082081638
0.216315789474 0.205263161053 0.414364201453
0.216315789474 0.221052634211 0.41254325928
0.216315789474 0.236842107368 0.410623896649
0.216315789474 0.252631580526 0.408611920003
0.216315789474 0.268421053684 0.406507421353
0.216315789474 0.284210526842 0.404330462843
0.216315789474 0.3 0.402079480412
0.242105263158 1e-08 0.41830729991
0.242105263158 0.0157894831579 0.418304464401
0.242105263158 0.0315789563158 0.418165381364
0.242105263158 0.0473684294737 0.417893949357
0.242105263158 0.0631579026316 0.417491542956
0.242105263158 0.0789473757895 0.416944203753
0.242105263158 0.0947368489474 0.416277423028
0.242105263158 0.110526322105 0.41548085592
0.242105263158 0.126315795263 0.41455093575
0.242105263158 0.142105268421 0.413510269285
0.242105263158 0.157894741579 0.412349222227
0.242105263158 0.173684214737 0.411077311138
0.242105263158 0.189473687895 0.409689701863
0.242105263158 0.205263161053 0.408210852956
0.242105263158 0.221052634211 0.406630297479
0.242105263158 0.236842107368 0.404954214696
0.242105263158 0.252631580526 0.403192920197
0.242105263158 0.268421053684 0.401355616839
0.242105263158 0.284210526842 0.399439870904
0.242105263158 0.3 0.397451377824
0.267894736842 1e-08 0.410851819233
0.267894736842 0.0157894831579 0.410851402662
0.267894736842 0.0315789563158 0.410732798062
0.267894736842 0.0473684294737 0.410503580175
0.267894736842 0.0631579026316 0.410152001206
0.267894736842 0.0789473757895 0.409688080878
0.267894736842 0.0947368489474 0.409116322636
0.267894736842 0.110526322105 0.408426586702
0.267894736842 0.126315795263 0.4076354563
0.267894736842 0.142105268421 0.406732169325
0.267894736842 0.157894741579 0.405733061233
0.267894736842 0.173684214737 0.40463096209
0.267894736842 0.189473687895 0.403434245691
0.267894736842 0.205263161053 0.402140059358
0.267894736842 0.221052634211 0.400772359967
0.267894736842 0.236842107368 0.399307345465
0.267894736842 0.252631580526 0.397769710732
0.267894736842 0.268421053684 0.396150634425
0.267894736842 0.284210526842 0.394473321221
0.267894736842 0.3 0.39272068165
0.293684210526 1e-08 0.403777300484
0.293684210526 0.0157894831579 0.40377797808
0.293684210526 0.0315789563158 0.40367919098
0.293684210526 0.0473684294737 0.403477040389
0.293684210526 0.0631579026316 0.403174150237
0.293684210526 0.0789473757895 0.402776000008
0.293684210526 0.0947368489474 0.4022785848
0.293684210526 0.110526322105 0.401690887106
0.293684210526 0.126315795263 0.400994802043
0.293684210526 0.142105268421 0.400222713584
0.293684210526 0.157894741579 0.399349990422
0.293684210526 0.173684214737 0.398390808702
0.293684210526 0.189473687895 0.397350212766
0.293684210526 0.205263161053 0.396227561985
0.293684210526 0.221052634211 0.395021164138
0.293684210526 0.236842107368 0.393743919203
0.293684210526 0.252631580526 0.392394529297
0.293684210526 0.268421053684 0.390975490518
0.293684210526 0.284210526842 0.389489202706
0.293684210526 0.3 0.387941780945
0.319473684211 1e-08 0.397078570025
0.319473684211 0.0157894831579 0.397078583919
0.319473684211 0.0315789563158 0.396991694259
0.319473684211 0.0473684294737 0.396816943137
0.319473684211 0.0631579026316 0.396557090953
0.319473684211 0.0789473757895 0.396210797807
0.319473684211 0.0947368489474 0.395773163787
0.319473684211 0.110526322105 0.39526345591
0.319473684211 0.126315795263 0.394659597755
0.319473684211 0.142105268421 0.393979319674
0.319473684211 0.157894741579 0.3932241201
0.319473684211 0.173684214737 0.392384023617
0.319473684211 0.189473687895 0.391474680411
0.319473684211 0.205263161053 0.390486417766
0.319473684211 0.221052634211 0.389431915532
0.319473684211 0.236842107368 0.388304632418
0.319473684211 0.252631580526 0.387117826229
0.319473684211 0.268421053684 0.385861463312
0.319473684211 0.284210526842 0.38454796954
0.319473684211 0.3 0.383175530757
0.345263157895 1e-08 0.390733578826
0.345263157895 0.0157894831579 0.390736931073
0.345263157895 0.0315789563158 0.390658836783
0.345263157895 0.0473684294737 0.390507536674
0.345263157895 0.0631579026316 0.390278393681
0.345263157895 0.0789473757895 0.389973582728
0.345263157895 0.0947368489474 0.38959584741
0.345263157895 0.110526322105 0.389142801309
0.345263157895 0.126315795263 0.38861862765
0.345263157895 0.142105268421 0.388018701552
0.345263157895 0.157894741579 0.387355867943
0.345263157895 0.173684214737 0.386618170726
0.345263157895 0.189473687895 0.385813165238
0.345263157895 0.205263161053 0.384948541245
0.345263157895 0.221052634211 0.384012923537
0.345263157895 0.236842107368 0.383021042311
0.345263157895 0.252631580526 0.38196542169
0.345263157895 0.268421053684 0.380854561559
0.345263157895 0.284210526842 0.379682833501
0.345263157895 0.3 0.378463156688
0.371052631579 1e-08 0.38472283137
0.371052631579 0.0157894831579 0.384727308698
0.371052631579 0.0315789563158 0.384654119858
0.371052631579 0.0473684294737 0.384521230637
0.371052631579 0.0631579026316 0.384319359172
0.371052631579 0.0789473757895 0.384051582696
0.371052631579 0.0947368489474 0.383717263222
0.371052631579 0.110526322105 0.383317722227
0.371052631579 0.126315795263 0.382854156307
0.371052631579 0.142105268421 0.382326014379
0.371052631579 0.157894741579 0.381737113166
0.371052631579 0.173684214737 0.381084924699
0.371052631579 0.189473687895 0.38037282976
0.371052631579 0.205263161053 0.379603387343
0.371052631579 0.221052634211 0.378775836476
0.371052631579 0.236842107368 0.377891202386
0.371052631579 0.252631580526 0.376955733383
0.371052631579 0.268421053684 0.375963384946
0.371052631579 0.284210526842 0.374920989092
0.371052631579 0.3 0.373832252735
0.396842105263 1e-08 0.379014797325
0.396842105263 0.0157894831579 0.379011843513
0.396842105263 0.0315789563158 0.37895363065
0.396842105263 0.0473684294737 0.378834077015
0.396842105263 0.0631579026316 0.378655555754
0.396842105263 0.0789473757895 0.378418738018
0.396842105263 0.0947368489474 0.378119962458
0.396842105263 0.110526322105 0.377767376525
0.396842105263 0.126315795263 0.377353026389
0.396842105263 0.142105268421 0.37688880274
0.396842105263 0.157894741579 0.376362051936
0.396842105263 0.173684214737 0.375783197857
0.396842105263 0.189473687895 0.375149901509
0.396842105263 0.205263161053 0.374461361334
0.396842105263 0.221052634211 0.373725406223
0.396842105263 0.236842107368 0.372934639692
0.396842105263 0.252631580526 0.372096637869
0.396842105263 0.268421053684 0.371216399778
0.396842105263 0.284210526842 0.370281891395
0.396842105263 0.3 0.369302224692
0.422631578947 1e-08 0.373591035885
0.422631578947 0.0157894831579 0.373589070259
0.422631578947 0.0315789563158 0.37353442396
0.422631578947 0.0473684294737 0.373429241721
0.422631578947 0.0631579026316 0.373268524124
0.422631578947 0.0789473757895 0.373054459936
0.422631578947 0.0947368489474 0.372789110378
0.422631578947 0.110526322105 0.372473549186
0.422631578947 0.126315795263 0.372105379765
0.422631578947 0.142105268421 0.371686293164
0.422631578947 0.157894741579 0.371217273186
0.422631578947 0.173684214737 0.370698430782
0.422631578947 0.189473687895 0.370133212587
0.422631578947 0.205263161053 0.369516586058
0.422631578947 0.221052634211 0.368854141417
0.422631578947 0.236842107368 0.368146637395
0.422631578947 0.252631580526 0.367393854058
0.422631578947 0.268421053684 0.366594831533
0.422631578947 0.284210526842 0.365758119696
0.422631578947 0.3 0.364874790067
0.448421052632 1e-08 0.368419905694
0.448421052632 0.0157894831579 0.368412654087
0.448421052632 0.0315789563158 0.368364932413
0.448421052632 0.0473684294737 0.368269556823
0.448421052632 0.0631579026316 0.368126662515
0.448421052632 0.0789473757895 0.367936451641
0.448421052632 0.0947368489474 0.367699192562
0.448421052632 0.110526322105 0.367415218815
0.448421052632 0.126315795263 0.367084927889
0.448421052632 0.142105268421 0.366708779739
0.448421052632 0.157894741579 0.36628729509
0.448421052632 0.173684214737 0.365821053536
0.448421052632 0.189473687895 0.365310691447
0.448421052632 0.205263161053 0.364759230984
0.448421052632 0.221052634211 0.364164410861
0.448421052632 0.236842107368 0.363526223205
0.448421052632 0.252631580526 0.362845491717
0.448421052632 0.268421053684 0.362126672764
0.448421052632 0.284210526842 0.361367418627
0.448421052632 0.3 0.360569880053
0.474210526316 1e-08 0.363483376731
0.474210526316 0.0157894831579 0.363477756129
0.474210526316 0.0315789563158 0.363434733477
0.474210526316 0.0473684294737 0.363348743035
0.474210526316 0.0631579026316 0.36321989428
0.474210526316 0.0789473757895 0.363048350958
0.474210526316 0.0947368489474 0.362834330543
0.474210526316 0.110526322105 0.362578103492
0.474210526316 0.126315795263 0.362279992343
0.474210526316 0.142105268421 0.361940370632
0.474210526316 0.157894741579 0.361559661665
0.474210526316 0.173684214737 0.361138337118
0.474210526316 0.189473687895 0.360676915497
0.474210526316 0.205263161053 0.360175960469
0.474210526316 0.221052634211 0.35963607905
0.474210526316 0.236842107368 0.359057919701
0.474210526316 0.252631580526 0.358442170291
0.474210526316 0.268421053684 0.357789555991
0.474210526316 0.284210526842 0.35710083707
0.474210526316 0.3 0.356376806633
0.5 1e-08 0.358761731434
0.5 0.0157894831579 0.35875635394
0.5 0.0315789563158 0.358717375964
0.5 0.0473684294737 0.358639464853
0.5 0.0631579026316 0.358522710085
0.5 0.0789473757895 0.358367245555
0.5 0.0947368489474 0.358173249132
0.5 0.110526322105 0.357940942151
0.5 0.126315795263 0.357670588713
0.5 0.142105268421 0.357362494912
0.5 0.157894741579 0.357017007895
0.5 0.173684214737 0.356634514852
0.5 0.189473687895 0.356215441849
0.5 0.205263161053 0.35576025259
0.5 0.221052634211 0.355269447076
0.5 0.236842107368 0.354743560152
0.5 0.252631580526 0.35418316001
0.5 0.268421053684 0.353588846573
0.5 0.284210526842 0.352961249851
0.5 0.3 0.352301028217
