#mu,ne_occ
-2.79396984925 0.1
-2.79396984925 0.119547738693
-2.75376884422 0.139095477387
-2.7135678392 0.15864321608
-2.67336683417 0.178190954774
-2.63316582915 0.197738693467
-2.59296482412 0.217286432161
-2.5527638191 0.236834170854
-2.55276381909 0.256381909548
-2.51256281407 0.275929648241
-2.47236180905 0.295477386935
-2.43216080402 0.315025125628
-2.391959799 0.334572864322
-2.39195979899 0.354120603015
-2.35175879397 0.373668341709
-2.31155778894 0.393216080402
-2.27135678392 0.412763819095
-2.27135678392 0.432311557789
-2.23115577889 0.451859296482
-2.19095477387 0.471407035176
-2.15075376884 0.490954773869
-2.15075376884 0.510502512563
-2.11055276382 0.530050251256
-2.0703517588 0.54959798995
-2.03015075377 0.569145728643
-2.03015075377 0.588693467337
-1.98994974874 0.60824120603
-1.94974874372 0.627788944724
-1.94974874372 0.647336683417
-1.90954773869 0.666884422111
-1.86934673367 0.686432160804
-1.86934673367 0.705979899497
-1.82914572864 0.725527638191
-1.78894472362 0.745075376884
-1.78894472362 0.764623115578
-1.74874371859 0.784170854271
-1.70854271357 0.803718592965
-1.70854271357 0.823266331658
-1.66834170854 0.842814070352
-1.62814070352 0.862361809045
-1.62814070352 0.881909547739
-1.58793969849 0.901457286432
-1.58793969849 0.921005025126
-1.54773869347 0.940552763819
-1.50753768844 0.960100502513
-1.50753768844 0.979648241206
-1.46733668342 0.999195979899
-1.46733668342 1.01874371859
-1.42713567839 1.03829145729
-1.42713567839 1.05783919598
-1.38693467337 1.07738693467
-1.38693467337 1.09693467337
-1.34673366834 1.11648241206
-1.34673366834 1.13603015075
-1.30653266332 1.15557788945
-1.30653266332 1.17512562814
-1.26633165829 1.19467336683
-1.26633165829 1.21422110553
-1.22613065327 1.23376884422
-1.22613065327 1.25331658291
-1.18592964824 1.27286432161
-1.18592964824 1.2924120603
-1.18592964824 1.31195979899
-1.14572864322 1.33150753769
-1.14572864322 1.35105527638
-1.10552763819 1.37060301508
-1.10552763819 1.39015075377
-1.10552763819 1.40969849246
-1.06532663317 1.42924623116
-1.06532663316 1.44879396985
-1.06532663317 1.46834170854
-1.02512562814 1.48788944724
-1.02512562814 1.50743718593
-1.02512562814 1.52698492462
-1.02512562814 1.54653266332
-0.984924623116 1.56608040201
-0.984924623117 1.5856281407
-0.984924623115 1.6051758794
-0.984924623115 1.62472361809
-0.944723618092 1.64427135678
-0.944723618091 1.66381909548
-0.94472361809 1.68336683417
-0.94472361809 1.70291457286
-0.904522613066 1.72246231156
-0.904522613065 1.74201005025
-0.904522613064 1.76155778894
-0.864321608041 1.78110552764
-0.86432160804 1.80065326633
-0.824120603017 1.82020100503
-0.824120603016 1.83974874372
-0.824120603015 1.85929648241
-0.783919597991 1.87884422111
-0.78391959799 1.8983919598
-0.743718592965 1.91793969849
-0.703517587941 1.93748743719
-0.703517587938 1.95703517588
-0.663316582914 1.97658291457
-0.0603015075371 1.99613065327
0.422110552763 2.0
0.703517587939 2.01567839196
0.743718592965 2.03522613065
0.743718592965 2.05477386935
0.78391959799 2.07432160804
0.824120603015 2.09386934673
0.824120603014 2.11341708543
0.824120603017 2.13296482412
0.86432160804 2.15251256281
0.864321608041 2.17206030151
0.904522613065 2.1916080402
0.904522613067 2.21115577889
0.944723618089 2.23070351759
0.94472361809 2.25025125628
0.944723618091 2.26979899497
0.984924623115 2.28934673367
0.984924623114 2.30889447236
0.984924623117 2.32844221106
0.984924623117 2.34798994975
1.02512562814 2.36753768844
1.02512562814 2.38708542714
1.02512562814 2.40663316583
1.02512562814 2.42618090452
1.06532663317 2.44572864322
1.06532663316 2.46527638191
1.06532663317 2.4848241206
1.06532663317 2.5043718593
1.10552763819 2.52391959799
1.10552763819 2.54346733668
1.10552763819 2.56301507538
1.14572864322 2.58256281407
1.14572864322 2.60211055276
1.14572864322 2.62165829146
1.18592964824 2.64120603015
1.18592964824 2.66075376884
1.22613065327 2.68030150754
1.22613065327 2.69984924623
1.22613065327 2.71939698492
1.26633165829 2.73894472362
1.26633165829 2.75849246231
1.30653266332 2.77804020101
1.30653266332 2.7975879397
1.34673366834 2.81713567839
1.34673366834 2.83668341709
1.38693467337 2.85623115578
1.38693467337 2.87577889447
1.42713567839 2.89532663317
1.42713567839 2.91487437186
1.46733668342 2.93442211055
1.46733668342 2.95396984925
1.50753768844 2.97351758794
1.50753768844 2.99306532663
1.54773869347 3.01261306533
1.54773869347 3.03216080402
1.58793969849 3.05170854271
1.62814070352 3.07125628141
1.62814070352 3.0908040201
1.66834170854 3.11035175879
1.66834170854 3.12989949749
1.70854271357 3.14944723618
1.74874371859 3.16899497487
1.74874371859 3.18854271357
1.78894472362 3.20809045226
1.82914572864 3.22763819095
1.82914572864 3.24718592965
1.86934673367 3.26673366834
1.90954773869 3.28628140704
1.90954773869 3.30582914573
1.94974874372 3.32537688442
1.98994974874 3.34492462312
1.98994974874 3.36447236181
2.03015075377 3.3840201005
2.07035175879 3.4035678392
2.07035175879 3.42311557789
2.11055276382 3.44266331658
2.15075376884 3.46221105528
2.19095477387 3.48175879397
2.19095477387 3.50130653266
2.2311557789 3.52085427136
2.27135678392 3.54040201005
2.31155778894 3.55994974874
2.31155778895 3.57949748744
2.35175879397 3.59904522613
2.39195979899 3.61859296482
2.43216080402 3.63814070352
2.43216080402 3.65768844221
2.47236180905 3.6772361809
2.51256281407 3.6967839196
2.55276381909 3.71633165829
2.59296482412 3.73587939698
2.59296482412 3.75542713568
2.63316582915 3.77497487437
2.67336683417 3.79452261307
2.7135678392 3.81407035176
2.75376884422 3.83361809045
2.79396984925 3.85316582915
2.83417085427 3.87271356784
2.83417085427 3.89226130653
2.8743718593 3.91180904523
2.91457286432 3.93135678392
2.95477386935 3.95090452261
2.99497487437 3.97045226131
3.23618090452 3.99
