# Temp,hmesh,Mz
0.01 1e-08 2.73356093317e-09
0.01 0.0157894831579 0.00406935733415
0.01 0.0315789563158 0.00768888239005
0.01 0.0473684294737 0.0116063548411
0.01 0.0631579026316 0.0157012438663
0.01 0.0789473757895 0.0195459160276
0.01 0.0947368489474 0.0233964709725
0.01 0.110526322105 0.0275828313225
0.01 0.126315795263 0.0312107918674
0.01 0.142105268421 0.0348692819547
0.01 0.157894741579 0.03898951091
0.01 0.173684214737 0.0430989717414
0.01 0.189473687895 0.0469618568624
0.01 0.205263161053 0.050951476423
0.01 0.221052634211 0.0546907086524
0.01 0.236842107368 0.0582387983178
0.01 0.252631580526 0.0622862914219
0.01 0.268421053684 0.0666120443033
0.01 0.284210526842 0.0706267852203
0.01 0.3 0.074338575713
0.0357894736842 1e-08 2.47311171542e-09
0.0357894736842 0.0157894831579 0.00390532532771
0.0357894736842 0.0315789563158 0.00781132274345
0.0357894736842 0.0473684294737 0.0117187805092
0.0357894736842 0.0631579026316 0.0156278005754
0.0357894736842 0.0789473757895 0.0195370933041
0.0357894736842 0.0947368489474 0.0234444565104
0.0357894736842 0.110526322105 0.0273489049707
0.0357894736842 0.126315795263 0.0312519347635
0.0357894736842 0.142105268421 0.0351568279123
0.0357894736842 0.157894741579 0.0390662721979
0.0357894736842 0.173684214737 0.0429782421393
0.0357894736842 0.189473687895 0.0468878503519
0.0357894736842 0.205263161053 0.0507920870481
0.0357894736842 0.221052634211 0.0546927550396
0.0357894736842 0.236842107368 0.0585957606717
0.0357894736842 0.252631580526 0.0625056183772
0.0357894736842 0.268421053684 0.066419851519
0.0357894736842 0.284210526842 0.0703305899023
0.0357894736842 0.3 0.074233294006
0.0615789473684 1e-08 2.47541509513e-09
0.0615789473684 0.0157894831579 0.00390899629479
0.0615789473684 0.0315789563158 0.00781788570405
0.0615789473684 0.0473684294737 0.0117268620578
0.0615789473684 0.0631579026316 0.0156358988184
0.0615789473684 0.0789473757895 0.0195448453978
0.0615789473684 0.0947368489474 0.0234538875193
0.0615789473684 0.110526322105 0.0273627856786
0.0615789473684 0.126315795263 0.0312717006451
0.0615789473684 0.142105268421 0.0351806424816
0.0615789473684 0.157894741579 0.0390896405659
0.0615789473684 0.173684214737 0.0429986459291
0.0615789473684 0.189473687895 0.0469077593352
0.0615789473684 0.205263161053 0.0508166627914
0.0615789473684 0.221052634211 0.0547256070551
0.0615789473684 0.236842107368 0.0586344530527
0.0615789473684 0.252631580526 0.062543495751
0.0615789473684 0.268421053684 0.0664525738926
0.0615789473684 0.284210526842 0.0703616473107
0.0615789473684 0.3 0.0742705403371
0.0873684210526 1e-08 2.47752485194e-09
0.0873684210526 0.0157894831579 0.00391226524659
0.0873684210526 0.0315789563158 0.00782445172514
0.0873684210526 0.0473684294737 0.011736850914
0.0873684210526 0.0631579026316 0.0156491538134
0.0873684210526 0.0789473757895 0.019561413227
0.0873684210526 0.0947368489474 0.0234737443343
0.0873684210526 0.110526322105 0.027385950322
0.0873684210526 0.126315795263 0.0312981693778
0.0873684210526 0.142105268421 0.0352105752372
0.0873684210526 0.157894741579 0.0391229456748
0.0873684210526 0.173684214737 0.0430353604493
0.0873684210526 0.189473687895 0.0469476284374
0.0873684210526 0.205263161053 0.0508600353691
0.0873684210526 0.221052634211 0.0547724512639
0.0873684210526 0.236842107368 0.0586848422421
0.0873684210526 0.252631580526 0.0625972592755
0.0873684210526 0.268421053684 0.0665098471627
0.0873684210526 0.284210526842 0.0704223502943
0.0873684210526 0.3 0.0743348720463
0.113157894737 1e-08 2.48043885431e-09
0.113157894737 0.0157894831579 0.00391697541814
0.113157894737 0.0315789563158 0.00783389126009
0.113157894737 0.0473684294737 0.0117506804557
0.113157894737 0.0631579026316 0.015667659613
0.113157894737 0.0789473757895 0.0195845752802
0.113157894737 0.0947368489474 0.02350138917
0.113157894737 0.110526322105 0.0274185469582
0.113157894737 0.126315795263 0.031335554622
0.113157894737 0.142105268421 0.0352526216599
0.113157894737 0.157894741579 0.0391695589272
0.113157894737 0.173684214737 0.0430867108856
0.113157894737 0.189473687895 0.0470037976729
0.113157894737 0.205263161053 0.0509208554489
0.113157894737 0.221052634211 0.0548383014803
0.113157894737 0.236842107368 0.0587555336785
0.113157894737 0.252631580526 0.0626729380577
0.113157894737 0.268421053684 0.0665904390674
0.113157894737 0.284210526842 0.070507773397
0.113157894737 0.3 0.0744252625883
0.138947368421 1e-08 2.48433784655e-09
0.138947368421 0.0157894831579 0.00392311171092
0.138947368421 0.0315789563158 0.00784612318148
0.138947368421 0.0473684294737 0.011769213892
0.138947368421 0.0631579026316 0.0156927340702
0.138947368421 0.0789473757895 0.0196159707558
0.138947368421 0.0947368489474 0.0235393022844
0.138947368421 0.110526322105 0.0274624820287
0.138947368421 0.126315795263 0.0313858169853
0.138947368421 0.142105268421 0.0353093623731
0.138947368421 0.157894741579 0.0392329561864
0.138947368421 0.173684214737 0.0431564943008
0.138947368421 0.189473687895 0.0470801502442
0.138947368421 0.205263161053 0.0510038583852
0.138947368421 0.221052634211 0.0549275337423
0.138947368421 0.236842107368 0.0588514187769
0.138947368421 0.252631580526 0.0627755522035
0.138947368421 0.268421053684 0.0666997540142
0.138947368421 0.284210526842 0.0706240861883
0.138947368421 0.3 0.0745484556538
0.164736842105 1e-08 2.48952203297e-09
0.164736842105 0.0157894831579 0.00393152512876
0.164736842105 0.0315789563158 0.00786271253921
0.164736842105 0.0473684294737 0.0117939424965
0.164736842105 0.0631579026316 0.0157252916174
0.164736842105 0.0789473757895 0.0196566596686
0.164736842105 0.0947368489474 0.0235880740951
0.164736842105 0.110526322105 0.0275199183828
0.164736842105 0.126315795263 0.0314517006332
0.164736842105 0.142105268421 0.0353833099528
0.164736842105 0.157894741579 0.0393150652834
0.164736842105 0.173684214737 0.0432469590449
0.164736842105 0.189473687895 0.0471791499939
0.164736842105 0.205263161053 0.0511114985277
0.164736842105 0.221052634211 0.0550436943621
0.164736842105 0.236842107368 0.0589761734116
0.164736842105 0.252631580526 0.0629087012274
0.164736842105 0.268421053684 0.0668415691883
0.164736842105 0.284210526842 0.0707746090789
0.164736842105 0.3 0.0747080263998
0.190526315789 1e-08 2.49599863e-09
0.190526315789 0.0157894831579 0.00394140713155
0.190526315789 0.0315789563158 0.00788277135566
0.190526315789 0.0473684294737 0.0118243892022
0.190526315789 0.0631579026316 0.0157658779563
0.190526315789 0.0789473757895 0.0197075688876
0.190526315789 0.0947368489474 0.0236491672069
0.190526315789 0.110526322105 0.0275909300961
0.190526315789 0.126315795263 0.0315326227288
0.190526315789 0.142105268421 0.0354747355644
0.190526315789 0.157894741579 0.0394168978796
0.190526315789 0.173684214737 0.04335911725
0.190526315789 0.189473687895 0.0473016422656
0.190526315789 0.205263161053 0.051244241683
0.190526315789 0.221052634211 0.0551869387876
0.190526315789 0.236842107368 0.0591299162097
0.190526315789 0.252631580526 0.0630732609837
0.190526315789 0.268421053684 0.0670169416226
0.190526315789 0.284210526842 0.0709606683283
0.190526315789 0.3 0.0749047759365
0.216315789474 1e-08 2.50369069921e-09
0.216315789474 0.0157894831579 0.00395361105257
0.216315789474 0.0315789563158 0.00790719012332
0.216315789474 0.0473684294737 0.0118607304384
0.216315789474 0.0631579026316 0.0158143863926
0.216315789474 0.0789473757895 0.019768119668
0.216315789474 0.0947368489474 0.0237219074256
0.216315789474 0.110526322105 0.0276759266099
0.216315789474 0.126315795263 0.0316299217928
0.216315789474 0.142105268421 0.0355841312245
0.216315789474 0.157894741579 0.0395384058334
0.216315789474 0.173684214737 0.0434928494744
0.216315789474 0.189473687895 0.0474476102413
0.216315789474 0.205263161053 0.0514025153157
0.216315789474 0.221052634211 0.0553576446429
0.216315789474 0.236842107368 0.0593129618943
0.216315789474 0.252631580526 0.0632685594373
0.216315789474 0.268421053684 0.0672243388593
0.216315789474 0.284210526842 0.0711806241842
0.216315789474 0.3 0.0751370449408
0.242105263158 1e-08 2.51243925664e-09
0.242105263158 0.0157894831579 0.00396736307707
0.242105263158 0.0315789563158 0.00793470176377
0.242105263158 0.0473684294737 0.0119021197103
0.242105263158 0.0631579026316 0.0158694874361
0.242105263158 0.0789473757895 0.0198370308567
0.242105263158 0.0947368489474 0.0238045494135
0.242105263158 0.110526322105 0.0277721370758
0.242105263158 0.126315795263 0.0317398335302
0.242105263158 0.142105268421 0.0357076841633
0.242105263158 0.157894741579 0.039675632422
0.242105263158 0.173684214737 0.0436437260144
0.242105263158 0.189473687895 0.0476120876385
0.242105263158 0.205263161053 0.0515804633489
0.242105263158 0.221052634211 0.0555491309674
0.242105263158 0.236842107368 0.0595180056874
0.242105263158 0.252631580526 0.0634870814346
0.242105263158 0.268421053684 0.0674563463579
0.242105263158 0.284210526842 0.0714258720386
0.242105263158 0.3 0.075395659988
0.267894736842 1e-08 2.52179133131e-09
0.267894736842 0.0157894831579 0.00398200902225
0.267894736842 0.0315789563158 0.00796394860901
0.267894736842 0.0473684294737 0.011945966948
0.267894736842 0.0631579026316 0.0159279955335
0.267894736842 0.0789473757895 0.0199100759779
0.267894736842 0.0947368489474 0.0238922166946
0.267894736842 0.110526322105 0.027874424577
0.267894736842 0.126315795263 0.0318566284197
0.267894736842 0.142105268421 0.0358390315642
0.267894736842 0.157894741579 0.0398214942931
0.267894736842 0.173684214737 0.0438040608674
0.267894736842 0.189473687895 0.0477866571906
0.267894736842 0.205263161053 0.0517695065515
0.267894736842 0.221052634211 0.0557524493802
0.267894736842 0.236842107368 0.0597354984829
0.267894736842 0.252631580526 0.0637187983168
0.267894736842 0.268421053684 0.0677021710526
0.267894736842 0.284210526842 0.0716856878675
0.267894736842 0.3 0.0756692873306
0.293684210526 1e-08 2.53133047856e-09
0.293684210526 0.0157894831579 0.00399697474375
0.293684210526 0.0315789563158 0.00799407109382
0.293684210526 0.0473684294737 0.0119910450971
0.293684210526 0.0631579026316 0.0159881293859
0.293684210526 0.0789473757895 0.0199851225043
0.293684210526 0.0947368489474 0.0239822193961
0.293684210526 0.110526322105 0.027979274117
0.293684210526 0.126315795263 0.0319764345285
0.293684210526 0.142105268421 0.0359735160497
0.293684210526 0.157894741579 0.0399706172285
0.293684210526 0.173684214737 0.0439677616393
0.293684210526 0.189473687895 0.047964928206
0.293684210526 0.205263161053 0.0519621423809
0.293684210526 0.221052634211 0.0559594038188
0.293684210526 0.236842107368 0.059956569688
0.293684210526 0.252631580526 0.0639537707603
0.293684210526 0.268421053684 0.0679510045616
0.293684210526 0.284210526842 0.0719482418197
0.293684210526 0.3 0.0759455206464
0.319473684211 1e-08 2.54062360039e-09
0.319473684211 0.0157894831579 0.00401170093609
0.319473684211 0.0315789563158 0.00802335630467
0.319473684211 0.0473684294737 0.0120350349766
0.319473684211 0.0631579026316 0.0160466908169
0.319473684211 0.0789473757895 0.020058312625
0.319473684211 0.0947368489474 0.0240698667065
0.319473684211 0.110526322105 0.0280813939405
0.319473684211 0.126315795263 0.0320928844687
0.319473684211 0.142105268421 0.036104187303
0.319473684211 0.157894741579 0.0401155358943
0.319473684211 0.173684214737 0.0441268106778
0.319473684211 0.189473687895 0.0481379150752
0.319473684211 0.205263161053 0.0521489062689
0.319473684211 0.221052634211 0.0561597649921
0.319473684211 0.236842107368 0.0601705251759
0.319473684211 0.252631580526 0.0641810486001
0.319473684211 0.268421053684 0.0681915810077
0.319473684211 0.284210526842 0.0722017624181
0.319473684211 0.3 0.0762117936905
0.345263157895 1e-08 2.54928189669e-09
0.345263157895 0.0157894831579 0.00402533808238
0.345263157895 0.0315789563158 0.00805067903047
0.345263157895 0.0473684294737 0.0120759905295
0.345263157895 0.0631579026316 0.0161011742631
0.345263157895 0.0789473757895 0.0201263009693
0.345263157895 0.0947368489474 0.0241512721222
0.345263157895 0.110526322105 0.0281762145921
0.345263157895 0.126315795263 0.0322009329547
0.345263157895 0.142105268421 0.0362256060972
0.345263157895 0.157894741579 0.0402499951402
0.345263157895 0.173684214737 0.0442740232291
0.345263157895 0.189473687895 0.0482979852086
0.345263157895 0.205263161053 0.0523216069119
0.345263157895 0.221052634211 0.0563449663314
0.345263157895 0.236842107368 0.0603680944187
0.345263157895 0.252631580526 0.0643908145774
0.345263157895 0.268421053684 0.0684130088153
0.345263157895 0.284210526842 0.072434875394
0.345263157895 0.3 0.0764563485701
0.371052631579 1e-08 2.55694665441e-09
0.371052631579 0.0157894831579 0.0040373781612
0.371052631579 0.0315789563158 0.00807481648468
0.371052631579 0.0473684294737 0.0121121597507
0.371052631579 0.0631579026316 0.0161492950808
0.371052631579 0.0789473757895 0.0201864666277
0.371052631579 0.0947368489474 0.0242232992289
0.371052631579 0.110526322105 0.028259972383
0.371052631579 0.126315795263 0.0322963579645
0.371052631579 0.142105268421 0.03633252886
0.371052631579 0.157894741579 0.0403683509156
0.371052631579 0.173684214737 0.0444038869207
0.371052631579 0.189473687895 0.0484389250435
0.371052631579 0.205263161053 0.0524735468805
0.371052631579 0.221052634211 0.0565076683494
0.371052631579 0.236842107368 0.0605412366011
0.371052631579 0.252631580526 0.0645743420188
0.371052631579 0.268421053684 0.0686067806495
0.371052631579 0.284210526842 0.0726386189642
0.371052631579 0.3 0.07666971942
0.396842105263 1e-08 2.56332310933e-09
0.396842105263 0.0157894831579 0.00404749093292
0.396842105263 0.0315789563158 0.00809496612591
0.396842105263 0.0473684294737 0.0121422919728
0.396842105263 0.0631579026316 0.0161894445861
0.396842105263 0.0789473757895 0.0202364194776
0.396842105263 0.0947368489474 0.024283244906
0.396842105263 0.110526322105 0.0283296429354
0.396842105263 0.126315795263 0.0323757616899
0.396842105263 0.142105268421 0.0364213959022
0.396842105263 0.157894741579 0.0404666056941
0.396842105263 0.173684214737 0.0445113299807
0.396842105263 0.189473687895 0.0485555396581
0.396842105263 0.205263161053 0.0525990314662
0.396842105263 0.221052634211 0.0566419002143
0.396842105263 0.236842107368 0.0606839561041
0.396842105263 0.252631580526 0.0647253570554
0.396842105263 0.268421053684 0.0687658977317
0.396842105263 0.284210526842 0.0728055109567
0.396842105263 0.3 0.0768440983836
0.422631578947 1e-08 2.56823073919e-09
0.422631578947 0.0157894831579 0.00405524536303
0.422631578947 0.0315789563158 0.00811039529678
0.422631578947 0.0473684294737 0.0121654399596
0.422631578947 0.0631579026316 0.0162202137222
0.422631578947 0.0789473757895 0.0202748402114
0.422631578947 0.0947368489474 0.0243291186676
0.422631578947 0.110526322105 0.0283829416679
0.422631578947 0.126315795263 0.0324363334116
0.422631578947 0.142105268421 0.0364892200225
0.422631578947 0.157894741579 0.0405414642219
0.422631578947 0.173684214737 0.0445931290078
0.422631578947 0.189473687895 0.048644011394
0.422631578947 0.205263161053 0.052694123956
0.422631578947 0.221052634211 0.0567433203786
0.422631578947 0.236842107368 0.0607916351357
0.422631578947 0.252631580526 0.064838902032
0.422631578947 0.268421053684 0.0688851421707
0.422631578947 0.284210526842 0.072930123638
0.422631578947 0.3 0.0769739537084
0.448421052632 1e-08 2.57151377969e-09
0.448421052632 0.0157894831579 0.0040603443524
0.448421052632 0.0315789563158 0.00812074660385
0.448421052632 0.0473684294737 0.0121808747196
0.448421052632 0.0631579026316 0.0162408155314
0.448421052632 0.0789473757895 0.0203003870269
0.448421052632 0.0947368489474 0.0243596080873
0.448421052632 0.110526322105 0.0284183200607
0.448421052632 0.126315795263 0.0324765128417
0.448421052632 0.142105268421 0.0365340245535
0.448421052632 0.157894741579 0.0405907374747
0.448421052632 0.173684214737 0.0446468118719
0.448421052632 0.189473687895 0.0487018993425
0.448421052632 0.205263161053 0.0527559892365
0.448421052632 0.221052634211 0.0568090264672
0.448421052632 0.236842107368 0.0608609672124
0.448421052632 0.252631580526 0.064911662557
0.448421052632 0.268421053684 0.0689611024666
0.448421052632 0.284210526842 0.0730090695464
0.448421052632 0.3 0.0770555257779
0.474210526316 1e-08 2.57309351603e-09
0.474210526316 0.0157894831579 0.00406283854904
0.474210526316 0.0315789563158 0.0081256447501
0.474210526316 0.0473684294737 0.0121882110744
0.474210526316 0.0631579026316 0.0162506226794
0.474210526316 0.0789473757895 0.0203125069846
0.474210526316 0.0947368489474 0.024373945838
0.474210526316 0.110526322105 0.0284348202813
0.474210526316 0.126315795263 0.0324950734361
0.474210526316 0.142105268421 0.0365546692314
0.474210526316 0.157894741579 0.040613227882
0.474210526316 0.173684214737 0.0446708871238
0.474210526316 0.189473687895 0.0487275263183
0.474210526316 0.205263161053 0.0527830258721
0.474210526316 0.221052634211 0.0568373088396
0.474210526316 0.236842107368 0.060890205042
0.474210526316 0.252631580526 0.0649416585023
0.474210526316 0.268421053684 0.0689916762754
0.474210526316 0.284210526842 0.0730398745756
0.474210526316 0.3 0.077086477112
0.5 1e-08 2.5729116615e-09
0.5 0.0157894831579 0.0040625891165
0.5 0.0315789563158 0.00812505488915
0.5 0.0473684294737 0.0121873829473
0.5 0.0631579026316 0.0162493132619
0.5 0.0789473757895 0.0203108148971
0.5 0.0947368489474 0.024371778073
0.5 0.110526322105 0.0284321466676
0.5 0.126315795263 0.03249176491
0.5 0.142105268421 0.0365504680549
0.5 0.157894741579 0.0406081993932
0.5 0.173684214737 0.0446648752232
0.5 0.189473687895 0.0487203892428
0.5 0.205263161053 0.0527745745693
0.5 0.221052634211 0.0568273326313
0.5 0.236842107368 0.0608785665467
0.5 0.252631580526 0.0649281492076
0.5 0.268421053684 0.0689760325086
0.5 0.284210526842 0.0730219974451
0.5 0.3 0.0770660353372
