# Temp,hmesh,chiz
0.01 1e-08 0.273356093317
0.01 0.0157894831579 0.257725799962
0.01 0.0315789563158 0.229236594515
0.01 0.0473684294737 0.248106596839
0.01 0.0631579026316 0.259342980236
0.01 0.0789473757895 0.243495911665
0.01 0.0947368489474 0.243868487977
0.01 0.110526322105 0.265136164334
0.01 0.126315795263 0.229770842172
0.01 0.142105268421 0.231704379921
0.01 0.157894741579 0.260947842531
0.01 0.173684214737 0.260265861331
0.01 0.189473687895 0.244649399149
0.01 0.205263161053 0.252675913928
0.01 0.221052634211 0.236818049093
0.01 0.236842107368 0.224712352963
0.01 0.252631580526 0.256341238473
0.01 0.268421053684 0.273964358289
0.01 0.284210526842 0.254266933215
0.01 0.3 0.235080072377
0.0357894736842 1e-08 0.247311171542
0.0357894736842 0.0157894831579 0.247337122369
0.0357894736842 0.0315789563158 0.247379844576
0.0357894736842 0.0473684294737 0.247472333412
0.0357894736842 0.0631579026316 0.247571279115
0.0357894736842 0.0789473757895 0.247588547737
0.0357894736842 0.0947368489474 0.247466344648
0.0357894736842 0.110526322105 0.24728174406
0.0357894736842 0.126315795263 0.247191895116
0.0357894736842 0.142105268421 0.247309907667
0.0357894736842 0.157894741579 0.247598146345
0.0357894736842 0.173684214737 0.247758104545
0.0357894736842 0.189473687895 0.247608528384
0.0357894736842 0.205263161053 0.247268332337
0.0357894736842 0.221052634211 0.24704231436
0.0357894736842 0.236842107368 0.247190364943
0.0357894736842 0.252631580526 0.247624329603
0.0357894736842 0.268421053684 0.247901440573
0.0357894736842 0.284210526842 0.247680105867
0.0357894736842 0.3 0.247171268142
0.0615789473684 1e-08 0.247541509513
0.0615789473684 0.0157894831579 0.247569616812
0.0615789473684 0.0315789563158 0.247563004172
0.0615789473684 0.0473684294737 0.24756851066
0.0615789473684 0.0631579026316 0.24757233642
0.0615789473684 0.0789473757895 0.247566624947
0.0615789473684 0.0947368489474 0.247572675946
0.0615789473684 0.110526322105 0.247563558342
0.0615789473684 0.126315795263 0.247564622797
0.0615789473684 0.142105268421 0.247566324563
0.0615789473684 0.157894741579 0.247569886926
0.0615789473684 0.173684214737 0.247570347927
0.0615789473684 0.189473687895 0.247577190634
0.0615789473684 0.205263161053 0.247563893814
0.0615789473684 0.221052634211 0.247566478284
0.0615789473684 0.236842107368 0.247560254771
0.0615789473684 0.252631580526 0.247572712477
0.0615789473684 0.268421053684 0.247574957217
0.0615789473684 0.284210526842 0.247574658066
0.0615789473684 0.3 0.247563233262
0.0873684210526 1e-08 0.247752485194
0.0873684210526 0.0157894831579 0.2477766503
0.0873684210526 0.0315789563158 0.247771818567
0.0873684210526 0.0473684294737 0.247785290223
0.0873684210526 0.0631579026316 0.247779191888
0.0873684210526 0.0789473757895 0.247776437784
0.0873684210526 0.0947368489474 0.247780978392
0.0873684210526 0.110526322105 0.247773054145
0.0873684210526 0.126315795263 0.247773881794
0.0873684210526 0.142105268421 0.247785712685
0.0873684210526 0.157894741579 0.247783469308
0.0873684210526 0.173684214737 0.247786277314
0.0873684210526 0.189473687895 0.247776980835
0.0873684210526 0.205263161053 0.247785780601
0.0873684210526 0.221052634211 0.247786348265
0.0873684210526 0.236842107368 0.247784770209
0.0873684210526 0.252631580526 0.247786420376
0.0873684210526 0.268421053684 0.247797241116
0.0873684210526 0.284210526842 0.247791873265
0.0873684210526 0.3 0.247793052548
0.113157894737 1e-08 0.248043885431
0.113157894737 0.0157894831579 0.24807496099
0.113157894737 0.0315789563158 0.248071344926
0.113157894737 0.0473684294737 0.248063323994
0.113157894737 0.0631579026316 0.248075354898
0.113157894737 0.0789473757895 0.248071333853
0.113157894737 0.0947368489474 0.248064887957
0.113157894737 0.110526322105 0.248086668192
0.113157894737 0.126315795263 0.248077160307
0.113157894737 0.142105268421 0.248080920672
0.113157894737 0.157894741579 0.248072701863
0.113157894737 0.173684214737 0.24808629897
0.113157894737 0.189473687895 0.248082171469
0.113157894737 0.205263161053 0.248080334081
0.113157894737 0.221052634211 0.248104923594
0.113157894737 0.236842107368 0.24809138082
0.113157894737 0.252631580526 0.248102285618
0.113157894737 0.268421053684 0.248108405555
0.113157894737 0.284210526842 0.248097849145
0.113157894737 0.3 0.248107657051
0.138947368421 1e-08 0.248433784655
0.138947368421 0.0157894831579 0.248463592632
0.138947368421 0.0315789563158 0.248457401417
0.138947368421 0.0473684294737 0.248462419946
0.138947368421 0.0631579026316 0.248489619569
0.138947368421 0.0789473757895 0.24847166504
0.138947368421 0.0947368489474 0.248477671762
0.138947368421 0.110526322105 0.248468058752
0.138947368421 0.126315795263 0.248477888866
0.138947368421 0.142105268421 0.248491216181
0.138947368421 0.157894741579 0.248494283121
0.138947368421 0.173684214737 0.248490755532
0.138947368421 0.189473687895 0.248498218029
0.138947368421 0.205263161053 0.248501523882
0.138947368421 0.221052634211 0.248499447569
0.138947368421 0.236842107368 0.248512727136
0.138947368421 0.252631580526 0.248528458637
0.138947368421 0.268421053684 0.248532789629
0.138947368421 0.284210526842 0.248541045977
0.138947368421 0.3 0.248543407765
0.164736842105 1e-08 0.248952203297
0.164736842105 0.0157894831579 0.248996442119
0.164736842105 0.0315789563158 0.248975210961
0.164736842105 0.0473684294737 0.248977905592
0.164736842105 0.0631579026316 0.248985452626
0.164736842105 0.0789473757895 0.248986651541
0.164736842105 0.0947368489474 0.248989588644
0.164736842105 0.110526322105 0.249016813191
0.164736842105 0.126315795263 0.249012884154
0.164736842105 0.142105268421 0.249001931878
0.164736842105 0.157894741579 0.249011179239
0.164736842105 0.173684214737 0.249019946526
0.164736842105 0.189473687895 0.249038768406
0.164736842105 0.205263161053 0.249048748776
0.164736842105 0.221052634211 0.249039077815
0.164736842105 0.236842107368 0.249057014769
0.164736842105 0.252631580526 0.249060103301
0.164736842105 0.268421053684 0.249081645832
0.164736842105 0.284210526842 0.249092534707
0.164736842105 0.3 0.249116438626
0.190526315789 1e-08 0.249599863
0.190526315789 0.0157894831579 0.249622301906
0.190526315789 0.0315789563158 0.249619742514
0.190526315789 0.0473684294737 0.249635805272
0.190526315789 0.0631579026316 0.24962762941
0.190526315789 0.0789473757895 0.249640433971
0.190526315789 0.0947368489474 0.249634568546
0.190526315789 0.110526322105 0.249644991305
0.190526315789 0.126315795263 0.24964054172
0.190526315789 0.142105268421 0.24966715458
0.190526315789 0.157894741579 0.249670288283
0.190526315789 0.173684214737 0.249673901781
0.190526315789 0.189473687895 0.249693259314
0.190526315789 0.205263161053 0.249697971426
0.190526315789 0.221052634211 0.249704158279
0.190526315789 0.236842107368 0.249721911726
0.190526315789 0.252631580526 0.249745177342
0.190526315789 0.268421053684 0.24976644879
0.190526315789 0.284210526842 0.249769366355
0.190526315789 0.3 0.249793490181
0.216315789474 1e-08 0.250369069921
0.216315789474 0.0157894831579 0.250395216442
0.216315789474 0.0315789563158 0.250393349494
0.216315789474 0.0473684294737 0.25039089497
0.216315789474 0.0631579026316 0.250398218777
0.216315789474 0.0789473757895 0.250403115789
0.216315789474 0.0947368489474 0.250406566331
0.216315789474 0.110526322105 0.25042122335
0.216315789474 0.126315795263 0.250419703265
0.216315789474 0.142105268421 0.250433272355
0.216315789474 0.157894741579 0.250437400242
0.216315789474 0.173684214737 0.250448105612
0.216315789474 0.189473687895 0.250468190256
0.216315789474 0.205263161053 0.250477329729
0.216315789474 0.221052634211 0.250491532402
0.216315789474 0.236842107368 0.250503434271
0.216315789474 0.252631580526 0.250521186075
0.216315789474 0.268421053684 0.250532705077
0.216315789474 0.284210526842 0.250564745596
0.216315789474 0.3 0.250573322936
0.242105263158 1e-08 0.251243925664
0.242105263158 0.0157894831579 0.251266177469
0.242105263158 0.0315789563158 0.251264791866
0.242105263158 0.0473684294737 0.251269811658
0.242105263158 0.0631579026316 0.251266631005
0.242105263158 0.0789473757895 0.251277758352
0.242105263158 0.0947368489474 0.251276183637
0.242105263158 0.110526322105 0.251280560322
0.242105263158 0.126315795263 0.251287450489
0.242105263158 0.142105268421 0.251297215138
0.242105263158 0.157894741579 0.251303398096
0.242105263158 0.173684214737 0.25131260256
0.242105263158 0.189473687895 0.251329577906
0.242105263158 0.205263161053 0.251330470035
0.242105263158 0.221052634211 0.251348957552
0.242105263158 0.236842107368 0.25136207398
0.242105263158 0.252631580526 0.251374805698
0.242105263158 0.268421053684 0.251386786856
0.242105263158 0.284210526842 0.251403301489
0.242105263158 0.3 0.251419911844
0.267894736842 1e-08 0.252179133131
0.267894736842 0.0157894831579 0.252193753435
0.267894736842 0.0315789563158 0.252189515568
0.267894736842 0.0473684294737 0.252194503207
0.267894736842 0.0631579026316 0.252195152158
0.267894736842 0.0789473757895 0.252198436549
0.267894736842 0.0947368489474 0.252202253798
0.267894736842 0.110526322105 0.252206507629
0.267894736842 0.126315795263 0.252206251777
0.267894736842 0.142105268421 0.252218874227
0.267894736842 0.157894741579 0.252222647899
0.267894736842 0.173684214737 0.252229224783
0.267894736842 0.189473687895 0.252231108879
0.267894736842 0.205263161053 0.2522471346
0.267894736842 0.221052634211 0.252253054225
0.267894736842 0.236842107368 0.252259784913
0.267894736842 0.252631580526 0.252275664554
0.267894736842 0.268421053684 0.252280281677
0.267894736842 0.284210526842 0.252289406687
0.267894736842 0.3 0.25229464107
0.293684210526 1e-08 0.253133047856
0.293684210526 0.0157894831579 0.253141581891
0.293684210526 0.0315789563158 0.253149443942
0.293684210526 0.0473684294737 0.253141695315
0.293684210526 0.0631579026316 0.253148680062
0.293684210526 0.0789473757895 0.253142905936
0.293684210526 0.0947368489474 0.253149478253
0.293684210526 0.110526322105 0.253146807429
0.293684210526 0.126315795263 0.253153501164
0.293684210526 0.142105268421 0.253148504785
0.293684210526 0.157894741579 0.253149749761
0.293684210526 0.173684214737 0.253152487791
0.293684210526 0.189473687895 0.253153890991
0.293684210526 0.205263161053 0.253156906183
0.293684210526 0.221052634211 0.253159899506
0.293684210526 0.236842107368 0.253153846823
0.293684210526 0.252631580526 0.25315607635
0.293684210526 0.268421053684 0.253158149186
0.293684210526 0.284210526842 0.253158368118
0.293684210526 0.3 0.253161000797
0.319473684211 1e-08 0.254062360039
0.319473684211 0.0157894831579 0.254074240182
0.319473684211 0.0315789563158 0.254071515145
0.319473684211 0.0473684294737 0.254072991022
0.319473684211 0.0631579026316 0.254071545026
0.319473684211 0.0789473757895 0.254069389649
0.319473684211 0.0947368489474 0.254065100294
0.319473684211 0.110526322105 0.25406339996
0.319473684211 0.126315795263 0.25406107525
0.319473684211 0.142105268421 0.254049187974
0.319473684211 0.157894741579 0.25405208592
0.319473684211 0.173684214737 0.254047411421
0.319473684211 0.189473687895 0.254036620305
0.319473684211 0.205263161053 0.254029450735
0.319473684211 0.221052634211 0.254021060937
0.319473684211 0.236842107368 0.254014820105
0.319473684211 0.252631580526 0.253999825337
0.319473684211 0.268421053684 0.254000394276
0.319473684211 0.284210526842 0.253978164459
0.319473684211 0.3 0.253968655719
0.345263157895 1e-08 0.254928189669
0.345263157895 0.0157894831579 0.254937925594
0.345263157895 0.0315789563158 0.254938268544
0.345263157895 0.0473684294737 0.254936403435
0.345263157895 0.0631579026316 0.254928311628
0.345263157895 0.0789473757895 0.254924699889
0.345263157895 0.0947368489474 0.254914848183
0.345263157895 0.110526322105 0.254913031585
0.345263157895 0.126315795263 0.254898838129
0.345263157895 0.142105268421 0.254895974188
0.345263157895 0.157894741579 0.254877981221
0.345263157895 0.173684214737 0.254855120792
0.345263157895 0.189473687895 0.254850933863
0.345263157895 0.205263161053 0.254829383035
0.345263157895 0.221052634211 0.254812771734
0.345263157895 0.236842107368 0.254798120686
0.345263157895 0.252631580526 0.254772285208
0.345263157895 0.268421053684 0.254738976891
0.345263157895 0.284210526842 0.254718225145
0.345263157895 0.3 0.254693309643
0.371052631579 1e-08 0.255694665441
0.371052631579 0.0157894831579 0.255700463459
0.371052631579 0.0315789563158 0.255704435677
0.371052631579 0.0473684294737 0.255698415373
0.371052631579 0.0631579026316 0.255685246095
0.371052631579 0.0789473757895 0.255687539826
0.371052631579 0.0947368489474 0.255666073265
0.371052631579 0.110526322105 0.255655974951
0.371052631579 0.126315795263 0.255637762016
0.371052631579 0.142105268421 0.255624165236
0.371052631579 0.157894741579 0.255602072042
0.371052631579 0.173684214737 0.255583955506
0.371052631579 0.189473687895 0.255552422961
0.371052631579 0.205263161053 0.255526058195
0.371052631579 0.221052634211 0.255494368218
0.371052631579 0.236842107368 0.255459331123
0.371052631579 0.252631580526 0.255430018302
0.371052631579 0.268421053684 0.255387788456
0.371052631579 0.284210526842 0.25534976844
0.371052631579 0.3 0.255303037377
0.396842105263 1e-08 0.256332310933
0.396842105263 0.0157894831579 0.256340938619
0.396842105263 0.0315789563158 0.256340104101
0.396842105263 0.0473684294737 0.256330645513
0.396842105263 0.0631579026316 0.256319674055
0.396842105263 0.0789473757895 0.256308418335
0.396842105263 0.0947368489474 0.256298952341
0.396842105263 0.110526322105 0.256271883739
0.396842105263 0.126315795263 0.256254196328
0.396842105263 0.142105268421 0.256223508651
0.396842105263 0.157894741579 0.256196628695
0.396842105263 0.173684214737 0.256165880021
0.396842105263 0.189473687895 0.256133288108
0.396842105263 0.205263161053 0.256087823052
0.396842105263 0.221052634211 0.256048362578
0.396842105263 0.236842107368 0.255996881554
0.396842105263 0.252631580526 0.255955402114
0.396842105263 0.268421053684 0.25590091803
0.396842105263 0.284210526842 0.255842179447
0.396842105263 0.3 0.255777212229
0.422631578947 1e-08 0.256823073919
0.422631578947 0.0157894831579 0.256832052231
0.422631578947 0.0315789563158 0.256826171032
0.422631578947 0.0473684294737 0.256819503875
0.422631578947 0.0631579026316 0.256802346858
0.422631578947 0.0789473757895 0.256793019539
0.422631578947 0.0947368489474 0.256770977453
0.422631578947 0.110526322105 0.25674213191
0.422631578947 0.126315795263 0.25671481899
0.422631578947 0.142105268421 0.256682827247
0.422631578947 0.157894741579 0.256642141183
0.422631578947 0.173684214737 0.256605444998
0.422631578947 0.189473687895 0.256555893009
0.422631578947 0.205263161053 0.256507137474
0.422631578947 0.221052634211 0.256449115312
0.422631578947 0.236842107368 0.2563932765
0.422631578947 0.252631580526 0.256326911972
0.422631578947 0.268421053684 0.256261883999
0.422631578947 0.284210526842 0.256182168134
0.422631578947 0.3 0.25610924633
0.448421052632 1e-08 0.257151377969
0.448421052632 0.0157894831579 0.257154988028
0.448421052632 0.0315789563158 0.257158817831
0.448421052632 0.0473684294737 0.2571414559
0.448421052632 0.0631579026316 0.257129593321
0.448421052632 0.0789473757895 0.257106203281
0.448421052632 0.0947368489474 0.257084009062
0.448421052632 0.110526322105 0.257051766884
0.448421052632 0.126315795263 0.257018884697
0.448421052632 0.142105268421 0.256975750312
0.448421052632 0.157894741579 0.256925160243
0.448421052632 0.173684214737 0.256884720389
0.448421052632 0.189473687895 0.256822215027
0.448421052632 0.205263161053 0.256759035178
0.448421052632 0.221052634211 0.256692366503
0.448421052632 0.236842107368 0.25662292242
0.448421052632 0.252631580526 0.256544047043
0.448421052632 0.268421053684 0.256464536153
0.448421052632 0.284210526842 0.256371256937
0.448421052632 0.3 0.256275569871
0.474210526316 1e-08 0.257309351603
0.474210526316 0.0157894831579 0.257312953721
0.474210526316 0.0315789563158 0.257311067977
0.474210526316 0.0473684294737 0.257295875784
0.474210526316 0.0631579026316 0.257286076891
0.474210526316 0.0789473757895 0.257252681241
0.474210526316 0.0947368489474 0.257224469286
0.474210526316 0.110526322105 0.257188723317
0.474210526316 0.126315795263 0.257149375044
0.474210526316 0.142105268421 0.257107742269
0.474210526316 0.157894741579 0.257042056443
0.474210526316 0.173684214737 0.256985093879
0.474210526316 0.189473687895 0.25692049088
0.474210526316 0.205263161053 0.256848313638
0.474210526316 0.221052634211 0.256771263166
0.474210526316 0.236842107368 0.256683434706
0.474210526316 0.252631580526 0.25659206104
0.474210526316 0.268421053684 0.256501134177
0.474210526316 0.284210526842 0.256385900895
0.474210526316 0.3 0.256284835851
0.5 1e-08 0.25729116615
0.5 0.0157894831579 0.257297156337
0.5 0.0315789563158 0.257289507511
0.5 0.0473684294737 0.257280785592
0.5 0.0631579026316 0.257255595164
0.5 0.0789473757895 0.257228445471
0.5 0.0947368489474 0.257194343052
0.5 0.110526322105 0.257156686227
0.5 0.126315795263 0.257109163921
0.5 0.142105268421 0.257051207745
0.5 0.157894741579 0.25698965999
0.5 0.173684214737 0.256922811137
0.5 0.189473687895 0.256849229802
0.5 0.205263161053 0.256765079235
0.5 0.221052634211 0.256674685815
0.5 0.236842107368 0.256578156526
0.5 0.252631580526 0.256473577078
0.5 0.268421053684 0.256365950942
0.5 0.284210526842 0.256244454515
0.5 0.3 0.256122408374
