# Temp,hmesh,Mz
0.01 1e-08 2.86454504561e-09
0.01 0.0157894831579 0.00411720709788
0.01 0.0315789563158 0.00733228000955
0.01 0.0473684294737 0.0111359642389
0.01 0.0631579026316 0.0155377182009
0.01 0.0789473757895 0.0196104234964
0.01 0.0947368489474 0.0236713683777
0.01 0.110526322105 0.0279145152075
0.01 0.126315795263 0.0315792849394
0.01 0.142105268421 0.0347236415643
0.01 0.157894741579 0.0388056504684
0.01 0.173684214737 0.0425209213361
0.01 0.189473687895 0.045822162523
0.01 0.205263161053 0.0500429023751
0.01 0.221052634211 0.0548372226527
0.01 0.236842107368 0.0590555211989
0.01 0.252631580526 0.0630074901171
0.01 0.268421053684 0.0669712860603
0.01 0.284210526842 0.0707666325566
0.01 0.3 0.073757677845
0.0252631578947 1e-08 2.44307840624e-09
0.0252631578947 0.0157894831579 0.00384677707786
0.0252631578947 0.0315789563158 0.00766614728609
0.0252631578947 0.0473684294737 0.0115293977103
0.0252631578947 0.0631579026316 0.0154909619974
0.0252631578947 0.0789473757895 0.0195113914328
0.0252631578947 0.0947368489474 0.0235150202609
0.0252631578947 0.110526322105 0.0274417168982
0.0252631578947 0.126315795263 0.0312775416572
0.0252631578947 0.142105268421 0.0350759059864
0.0252631578947 0.157894741579 0.0388797180476
0.0252631578947 0.173684214737 0.0426734016319
0.0252631578947 0.189473687895 0.0464951430237
0.0252631578947 0.205263161053 0.0504367066331
0.0252631578947 0.221052634211 0.0544984710815
0.0252631578947 0.236842107368 0.0585811032661
0.0252631578947 0.252631580526 0.0625914427641
0.0252631578947 0.268421053684 0.0664874115361
0.0252631578947 0.284210526842 0.070270722058
0.0252631578947 0.3 0.0739810746029
0.0405263157895 1e-08 2.45564757417e-09
0.0405263157895 0.0157894831579 0.00387832693436
0.0405263157895 0.0315789563158 0.00776137908582
0.0405263157895 0.0473684294737 0.0116551443983
0.0405263157895 0.0631579026316 0.0155633397442
0.0405263157895 0.0789473757895 0.0194812310843
0.0405263157895 0.0947368489474 0.0233978376498
0.0405263157895 0.110526322105 0.0273028958496
0.0405263157895 0.126315795263 0.0311923159709
0.0405263157895 0.142105268421 0.0350687874827
0.0405263157895 0.157894741579 0.038938190458
0.0405263157895 0.173684214737 0.0428091623773
0.0405263157895 0.189473687895 0.0466921296262
0.0405263157895 0.205263161053 0.0505965409255
0.0405263157895 0.221052634211 0.0545215042396
0.0405263157895 0.236842107368 0.0584547313032
0.0405263157895 0.252631580526 0.0623788709544
0.0405263157895 0.268421053684 0.0662808423009
0.0405263157895 0.284210526842 0.0701568063026
0.0405263157895 0.3 0.0740134253842
0.0557894736842 1e-08 2.46500164724e-09
0.0557894736842 0.0157894831579 0.00389267701115
0.0557894736842 0.0315789563158 0.00778667049581
0.0557894736842 0.0473684294737 0.0116828024451
0.0557894736842 0.0631579026316 0.0155816435008
0.0557894736842 0.0789473757895 0.0194821380803
0.0557894736842 0.0947368489474 0.0233827042725
0.0557894736842 0.110526322105 0.0272815611246
0.0557894736842 0.126315795263 0.0311772125587
0.0557894736842 0.142105268421 0.0350702743477
0.0557894736842 0.157894741579 0.0389614701011
0.0557894736842 0.173684214737 0.0428528017521
0.0557894736842 0.189473687895 0.0467468392716
0.0557894736842 0.205263161053 0.0506446552137
0.0557894736842 0.221052634211 0.0545462956955
0.0557894736842 0.236842107368 0.0584498288295
0.0557894736842 0.252631580526 0.0623522803349
0.0557894736842 0.268421053684 0.0662512061668
0.0557894736842 0.284210526842 0.0701454490923
0.0557894736842 0.3 0.0740352902261
0.0710526315789 1e-08 2.46795550662e-09
0.0710526315789 0.0157894831579 0.00389710658182
0.0710526315789 0.0315789563158 0.00779463623642
0.0710526315789 0.0473684294737 0.0116925139368
0.0710526315789 0.0631579026316 0.0155909796844
0.0710526315789 0.0789473757895 0.0194896053063
0.0710526315789 0.0947368489474 0.0233885489909
0.0710526315789 0.110526322105 0.027287051385
0.0710526315789 0.126315795263 0.0311850604443
0.0710526315789 0.142105268421 0.0350823028315
0.0710526315789 0.157894741579 0.0389794377468
0.0710526315789 0.173684214737 0.0428765320606
0.0710526315789 0.189473687895 0.0467741403628
0.0710526315789 0.205263161053 0.0506723956485
0.0710526315789 0.221052634211 0.0545716821361
0.0710526315789 0.236842107368 0.0584710361721
0.0710526315789 0.252631580526 0.0623704766845
0.0710526315789 0.268421053684 0.0662695167345
0.0710526315789 0.284210526842 0.0701677685011
0.0710526315789 0.3 0.0740652431995
0.0863157894737 1e-08 2.46963571815e-09
0.0863157894737 0.0157894831579 0.00389983300996
0.0863157894737 0.0315789563158 0.00779966221323
0.0863157894737 0.0473684294737 0.0116995759323
0.0863157894737 0.0631579026316 0.0155998652019
0.0863157894737 0.0789473757895 0.0194998187408
0.0863157894737 0.0947368489474 0.0233999752067
0.0863157894737 0.110526322105 0.027300288409
0.0863157894737 0.126315795263 0.0312003904071
0.0863157894737 0.142105268421 0.0351003448658
0.0863157894737 0.157894741579 0.0390002810892
0.0863157894737 0.173684214737 0.0429002455672
0.0863157894737 0.189473687895 0.0468002952343
0.0863157894737 0.205263161053 0.0507007272867
0.0863157894737 0.221052634211 0.0546013094502
0.0863157894737 0.236842107368 0.0585018740997
0.0863157894737 0.252631580526 0.0624024720604
0.0863157894737 0.268421053684 0.0663031472902
0.0863157894737 0.284210526842 0.0702038278652
0.0863157894737 0.3 0.0741045043363
0.101578947368 1e-08 2.471277738e-09
0.101578947368 0.0157894831579 0.00390243973199
0.101578947368 0.0315789563158 0.00780482872988
0.101578947368 0.0473684294737 0.0117072672673
0.101578947368 0.0631579026316 0.0156101302258
0.101578947368 0.0789473757895 0.0195123843446
0.101578947368 0.0947368489474 0.0234147891072
0.101578947368 0.110526322105 0.0273176877561
0.101578947368 0.126315795263 0.0312201771397
0.101578947368 0.142105268421 0.0351227453971
0.101578947368 0.157894741579 0.0390255253564
0.101578947368 0.173684214737 0.0429281778823
0.101578947368 0.189473687895 0.0468310257324
0.101578947368 0.205263161053 0.0507339714528
0.101578947368 0.221052634211 0.0546368285853
0.101578947368 0.236842107368 0.0585397005276
0.101578947368 0.252631580526 0.0624429090826
0.101578947368 0.268421053684 0.0663463989519
0.101578947368 0.284210526842 0.0702495761058
0.101578947368 0.3 0.0741530097004
0.116842105263 1e-08 2.47318321378e-09
0.116842105263 0.0157894831579 0.00390548391158
0.116842105263 0.0315789563158 0.00781091050788
0.116842105263 0.0473684294737 0.0117164717801
0.116842105263 0.0631579026316 0.0156219804669
0.116842105263 0.0789473757895 0.0195271891611
0.116842105263 0.0947368489474 0.0234327159317
0.116842105263 0.110526322105 0.0273385046855
0.116842105263 0.126315795263 0.0312441727911
0.116842105263 0.142105268421 0.0351498346125
0.116842105263 0.157894741579 0.0390555530248
0.116842105263 0.173684214737 0.0429615144565
0.116842105263 0.189473687895 0.0468673897029
0.116842105263 0.205263161053 0.0507735627274
0.116842105263 0.221052634211 0.0546794831072
0.116842105263 0.236842107368 0.0585855301768
0.116842105263 0.252631580526 0.062491696796
0.116842105263 0.268421053684 0.0663980554013
0.116842105263 0.284210526842 0.07030479208
0.116842105263 0.3 0.0742116005921
0.132105263158 1e-08 2.47539277964e-09
0.132105263158 0.0157894831579 0.00390898627022
0.132105263158 0.0315789563158 0.00781798536206
0.132105263158 0.0473684294737 0.0117272284844
0.132105263158 0.0631579026316 0.0156361358909
0.132105263158 0.0789473757895 0.0195451923409
0.132105263158 0.0947368489474 0.0234541908209
0.132105263158 0.110526322105 0.0273631176048
0.132105263158 0.126315795263 0.0312726552521
0.132105263158 0.142105268421 0.0351820184949
0.132105263158 0.157894741579 0.0390914660844
0.132105263158 0.173684214737 0.0430011288933
0.132105263158 0.189473687895 0.0469109417157
0.132105263158 0.205263161053 0.0508205863649
0.132105263158 0.221052634211 0.0547303595365
0.132105263158 0.236842107368 0.0586402098277
0.132105263158 0.252631580526 0.062550201178
0.132105263158 0.268421053684 0.0664607381692
0.132105263158 0.284210526842 0.0703714929797
0.132105263158 0.3 0.0742820048343
0.147368421053 1e-08 2.47803144671e-09
0.147368421053 0.0157894831579 0.00391337264721
0.147368421053 0.0315789563158 0.00782689917722
0.147368421053 0.0473684294737 0.0117401193441
0.147368421053 0.0631579026316 0.0156532036276
0.147368421053 0.0789473757895 0.0195664608137
0.147368421053 0.0947368489474 0.0234797701211
0.147368421053 0.110526322105 0.0273933265605
0.147368421053 0.126315795263 0.0313071748633
0.147368421053 0.142105268421 0.0352207848246
0.147368421053 0.157894741579 0.0391344360755
0.147368421053 0.173684214737 0.0430482018508
0.147368421053 0.189473687895 0.0469621585031
0.147368421053 0.205263161053 0.0508762717417
0.147368421053 0.221052634211 0.0547904098533
0.147368421053 0.236842107368 0.0587046816464
0.147368421053 0.252631580526 0.0626190875896
0.147368421053 0.268421053684 0.0665338691846
0.147368421053 0.284210526842 0.0704490560219
0.147368421053 0.3 0.0743643985674
0.162631578947 1e-08 2.48117271173e-09
0.162631578947 0.0157894831579 0.00391805368958
0.162631578947 0.0315789563158 0.00783630675245
0.162631578947 0.0473684294737 0.0117545920603
0.162631578947 0.0631579026316 0.015672727048
0.162631578947 0.0789473757895 0.0195908839197
0.162631578947 0.0947368489474 0.0235091953185
0.162631578947 0.110526322105 0.0274274747871
0.162631578947 0.126315795263 0.0313460826006
0.162631578947 0.142105268421 0.0352648446446
0.162631578947 0.157894741579 0.0391836983457
0.162631578947 0.173684214737 0.0431025698556
0.162631578947 0.189473687895 0.0470216146693
0.162631578947 0.205263161053 0.0509406519747
0.162631578947 0.221052634211 0.054859769651
0.162631578947 0.236842107368 0.0587791578093
0.162631578947 0.252631580526 0.0626988511335
0.162631578947 0.268421053684 0.0666188112432
0.162631578947 0.284210526842 0.0705390007529
0.162631578947 0.3 0.0744597002596
0.177894736842 1e-08 2.48472453723e-09
0.177894736842 0.0157894831579 0.00392358614252
0.177894736842 0.0315789563158 0.00784734149536
0.177894736842 0.0473684294737 0.0117711083969
0.177894736842 0.0631579026316 0.0156948655759
0.177894736842 0.0789473757895 0.0196184579343
0.177894736842 0.0947368489474 0.023542355093
0.177894736842 0.110526322105 0.0274664748307
0.177894736842 0.126315795263 0.0313905322948
0.177894736842 0.142105268421 0.035314665844
0.177894736842 0.157894741579 0.0392390999873
0.177894736842 0.173684214737 0.0431634450393
0.177894736842 0.189473687895 0.0470884978347
0.177894736842 0.205263161053 0.0510135238102
0.177894736842 0.221052634211 0.0549385763139
0.177894736842 0.236842107368 0.0588639161751
0.177894736842 0.252631580526 0.0627894843707
0.177894736842 0.268421053684 0.066715231965
0.177894736842 0.284210526842 0.0706413147607
0.177894736842 0.3 0.0745681380063
0.193157894737 1e-08 2.48870701824e-09
0.193157894737 0.0157894831579 0.00392995520316
0.193157894737 0.0315789563158 0.0078598898306
0.193157894737 0.0473684294737 0.0117897951713
0.193157894737 0.0631579026316 0.0157198980764
0.193157894737 0.0789473757895 0.0196499218064
0.193157894737 0.0947368489474 0.0235800403647
0.193157894737 0.110526322105 0.0275103053453
0.193157894737 0.126315795263 0.0314406525228
0.193157894737 0.142105268421 0.0353712197543
0.193157894737 0.157894741579 0.0393019568758
0.193157894737 0.173684214737 0.0432328296024
0.193157894737 0.189473687895 0.0471642749135
0.193157894737 0.205263161053 0.0510955940246
0.193157894737 0.221052634211 0.0550270418332
0.193157894737 0.236842107368 0.0589588319687
0.193157894737 0.252631580526 0.0628908424973
0.193157894737 0.268421053684 0.0668232306506
0.193157894737 0.284210526842 0.0707558777448
0.193157894737 0.3 0.0746888664573
0.208421052632 1e-08 2.49312026579e-09
0.208421052632 0.0157894831579 0.00393701399191
0.208421052632 0.0315789563158 0.00787392297095
0.208421052632 0.0473684294737 0.0118107005803
0.208421052632 0.0631579026316 0.0157476236625
0.208421052632 0.0789473757895 0.019684676032
0.208421052632 0.0947368489474 0.0236217506451
0.208421052632 0.110526322105 0.027559161678
0.208421052632 0.126315795263 0.031496420132
0.208421052632 0.142105268421 0.0354339603661
0.208421052632 0.157894741579 0.0393717053263
0.208421052632 0.173684214737 0.0433099904044
0.208421052632 0.189473687895 0.0472481060562
0.208421052632 0.205263161053 0.0511863551421
0.208421052632 0.221052634211 0.0551250174504
0.208421052632 0.236842107368 0.0590639927192
0.208421052632 0.252631580526 0.0630031192319
0.208421052632 0.268421053684 0.0669425810656
0.208421052632 0.284210526842 0.0708825352412
0.208421052632 0.3 0.0748226124628
0.223684210526 1e-08 2.49792697637e-09
0.223684210526 0.0157894831579 0.00394475605803
0.223684210526 0.0315789563158 0.00788916797159
0.223684210526 0.0473684294737 0.011833412378
0.223684210526 0.0631579026316 0.0157779148551
0.223684210526 0.0789473757895 0.0197227294009
0.223684210526 0.0947368489474 0.0236673277231
0.223684210526 0.110526322105 0.0276121896933
0.223684210526 0.126315795263 0.0315572265837
0.223684210526 0.142105268421 0.0355023383201
0.223684210526 0.157894741579 0.0394478071403
0.223684210526 0.173684214737 0.0433937037252
0.223684210526 0.189473687895 0.0473393353172
0.223684210526 0.205263161053 0.0512852966293
0.223684210526 0.221052634211 0.0552315755322
0.223684210526 0.236842107368 0.0591780977992
0.223684210526 0.252631580526 0.0631248945611
0.223684210526 0.268421053684 0.0670719401641
0.223684210526 0.284210526842 0.0710193723687
0.223684210526 0.3 0.0749672558797
0.238947368421 1e-08 2.50309450944e-09
0.238947368421 0.0157894831579 0.00395277056627
0.238947368421 0.0315789563158 0.00790536136129
0.238947368421 0.0473684294737 0.0118579257319
0.238947368421 0.0631579026316 0.0158105791526
0.238947368421 0.0789473757895 0.0197633214841
0.238947368421 0.0947368489474 0.0237162649023
0.238947368421 0.110526322105 0.0276690969106
0.238947368421 0.126315795263 0.0316220947407
0.238947368421 0.142105268421 0.0355754855378
0.238947368421 0.157894741579 0.0395290019588
0.238947368421 0.173684214737 0.0434825687283
0.238947368421 0.189473687895 0.0474363669521
0.238947368421 0.205263161053 0.0513902319246
0.238947368421 0.221052634211 0.0553445610772
0.238947368421 0.236842107368 0.0592989776797
0.238947368421 0.252631580526 0.0632537143436
0.238947368421 0.268421053684 0.0672089359669
0.238947368421 0.284210526842 0.0711642444126
0.238947368421 0.3 0.0751201219929
0.254210526316 1e-08 2.50851284189e-09
0.254210526316 0.0157894831579 0.00396109709599
0.254210526316 0.0315789563158 0.00792206911694
0.254210526316 0.0473684294737 0.0118831561109
0.254210526316 0.0631579026316 0.0158442361244
0.254210526316 0.0789473757895 0.0198054470589
0.254210526316 0.0947368489474 0.023766682906
0.254210526316 0.110526322105 0.0277281322878
0.254210526316 0.126315795263 0.0316895850927
0.254210526316 0.142105268421 0.0356513834401
0.254210526316 0.157894741579 0.0396132982486
0.254210526316 0.173684214737 0.043575379226
0.254210526316 0.189473687895 0.0475375886153
0.254210526316 0.205263161053 0.0514998553024
0.254210526316 0.221052634211 0.0554623692168
0.254210526316 0.236842107368 0.0594252827279
0.254210526316 0.252631580526 0.0633883800618
0.254210526316 0.268421053684 0.0673515748732
0.254210526316 0.284210526842 0.0713152677885
0.254210526316 0.3 0.075279277511
0.269473684211 1e-08 2.51407072938e-09
0.269473684211 0.0157894831579 0.00396976280975
0.269473684211 0.0315789563158 0.00793970854338
0.269473684211 0.0473684294737 0.0119094004173
0.269473684211 0.0631579026316 0.0158791886937
0.269473684211 0.0789473757895 0.0198492062406
0.269473684211 0.0947368489474 0.0238191868237
0.269473684211 0.110526322105 0.0277892467972
0.269473684211 0.126315795263 0.0317593037993
0.269473684211 0.142105268421 0.0357297855769
0.269473684211 0.157894741579 0.0397001967951
0.269473684211 0.173684214737 0.0436707424653
0.269473684211 0.189473687895 0.0476416440844
0.269473684211 0.205263161053 0.0516123407132
0.269473684211 0.221052634211 0.0555833906941
0.269473684211 0.236842107368 0.059554722254
0.269473684211 0.252631580526 0.0635261812672
0.269473684211 0.268421053684 0.0674977795596
0.269473684211 0.284210526842 0.0714698030428
0.269473684211 0.3 0.0754420776753
0.284736842105 1e-08 2.51971254972e-09
0.284736842105 0.0157894831579 0.00397867212042
0.284736842105 0.0315789563158 0.00795737803607
0.284736842105 0.0473684294737 0.0119361375608
0.284736842105 0.0631579026316 0.0159147545999
0.284736842105 0.0789473757895 0.0198936981872
0.284736842105 0.0947368489474 0.0238724642236
0.284736842105 0.110526322105 0.0278512922998
0.284736842105 0.126315795263 0.0318303149655
0.284736842105 0.142105268421 0.0358093504708
0.284736842105 0.157894741579 0.0397884830728
0.284736842105 0.173684214737 0.0437678276491
0.284736842105 0.189473687895 0.0477471042204
0.284736842105 0.205263161053 0.0517266079446
0.284736842105 0.221052634211 0.0557060665788
0.284736842105 0.236842107368 0.0596858202307
0.284736842105 0.252631580526 0.0636656364447
0.284736842105 0.268421053684 0.0676455485383
0.284736842105 0.284210526842 0.0716257531
0.284736842105 0.3 0.0756060713539
0.3 1e-08 2.52534770873e-09
0.3 0.0157894831579 0.00398767608118
0.3 0.0315789563158 0.00797512888725
0.3 0.0473684294737 0.0119627625966
0.3 0.0631579026316 0.0159502435009
0.3 0.0789473757895 0.0199379707467
0.3 0.0947368489474 0.0239256028466
0.3 0.110526322105 0.0279131608519
0.3 0.126315795263 0.0319008989294
0.3 0.142105268421 0.0358886456429
0.3 0.157894741579 0.0398764839666
0.3 0.173684214737 0.0438644312902
0.3 0.189473687895 0.0478522905721
0.3 0.205263161053 0.0518401634644
0.3 0.221052634211 0.0558280914465
0.3 0.236842107368 0.059816129399
0.3 0.252631580526 0.0638042004422
0.3 0.268421053684 0.067792456658
0.3 0.284210526842 0.0717805848821
0.3 0.3 0.0757688199925
