# Temp,hmesh,chiz
0.01 1e-08 0.286454504561
0.01 0.0157894831579 0.260756276803
0.01 0.0315789563158 0.203621291193
0.01 0.0473684294737 0.240900009221
0.01 0.0631579026316 0.278777760218
0.01 0.0789473757895 0.257938010648
0.01 0.0947368489474 0.257193184388
0.01 0.110526322105 0.268732641515
0.01 0.126315795263 0.232102090755
0.01 0.142105268421 0.19914259288
0.01 0.157894741579 0.258527239209
0.01 0.173684214737 0.235300496135
0.01 0.189473687895 0.209078615472
0.01 0.205263161053 0.267313532877
0.01 0.221052634211 0.303640294371
0.01 0.236842107368 0.267158916832
0.01 0.252631580526 0.250291373159
0.01 0.268421053684 0.251040418103
0.01 0.284210526842 0.240371952779
0.01 0.3 0.189432874583
0.0252631578947 1e-08 0.244307840624
0.0252631578947 0.0157894831579 0.243629068324
0.0252631578947 0.0315789563158 0.241893454584
0.0252631578947 0.0473684294737 0.244672535021
0.0252631578947 0.0631579026316 0.250899079882
0.0252631578947 0.0789473757895 0.254627206059
0.0252631578947 0.0947368489474 0.253563167566
0.0252631578947 0.110526322105 0.248690795318
0.0252631578947 0.126315795263 0.242935576172
0.0252631578947 0.142105268421 0.2405630822
0.0252631578947 0.157894741579 0.240908105237
0.0252631578947 0.173684214737 0.240266635017
0.0252631578947 0.189473687895 0.242043629551
0.0252631578947 0.205263161053 0.249632370249
0.0252631578947 0.221052634211 0.257245090304
0.0252631578947 0.236842107368 0.258566713647
0.0252631578947 0.252631580526 0.253988176672
0.0252631578947 0.268421053684 0.246744697114
0.0252631578947 0.284210526842 0.239609674375
0.0252631578947 0.3 0.234989002345
0.0405263157895 1e-08 0.245564757417
0.0405263157895 0.0157894831579 0.245627225173
0.0405263157895 0.0315789563158 0.245926644456
0.0405263157895 0.0473684294737 0.246605144678
0.0405263157895 0.0631579026316 0.247519046826
0.0405263157895 0.0789473757895 0.248133126477
0.0405263157895 0.0947368489474 0.248051757417
0.0405263157895 0.110526322105 0.247320360899
0.0405263157895 0.126315795263 0.246329949223
0.0405263157895 0.142105268421 0.245509870595
0.0405263157895 0.157894741579 0.245062196609
0.0405263157895 0.173684214737 0.245161563059
0.0405263157895 0.189473687895 0.245921267292
0.0405263157895 0.205263161053 0.247279390534
0.0405263157895 0.221052634211 0.248581018176
0.0405263157895 0.236842107368 0.249104389003
0.0405263157895 0.252631580526 0.248528852857
0.0405263157895 0.268421053684 0.247124860187
0.0405263157895 0.284210526842 0.245477728288
0.0405263157895 0.3 0.244252549978
0.0557894736842 1e-08 0.246500164724
0.0557894736842 0.0157894831579 0.246536062807
0.0557894736842 0.0315789563158 0.246619595582
0.0557894736842 0.0473684294737 0.246755031678
0.0557894736842 0.0631579026316 0.246926608428
0.0557894736842 0.0789473757895 0.247031331602
0.0557894736842 0.0947368489474 0.247035867072
0.0557894736842 0.110526322105 0.246927608865
0.0557894736842 0.126315795263 0.24672459905
0.0557894736842 0.142105268421 0.246560588192
0.0557894736842 0.157894741579 0.246442405928
0.0557894736842 0.173684214737 0.246451012781
0.0557894736842 0.189473687895 0.246622384454
0.0557894736842 0.205263161053 0.246861684563
0.0557894736842 0.221052634211 0.247103905413
0.0557894736842 0.236842107368 0.247223773397
0.0557894736842 0.252631580526 0.247155270244
0.0557894736842 0.268421053684 0.246931977585
0.0557894736842 0.284210526842 0.246635393502
0.0557894736842 0.3 0.246356613358
0.0710526315789 1e-08 0.246795550662
0.0710526315789 0.0157894831579 0.246816602106
0.0710526315789 0.0315789563158 0.246843553019
0.0710526315789 0.0473684294737 0.246865595922
0.0710526315789 0.0631579026316 0.246902838909
0.0710526315789 0.0789473757895 0.246912964285
0.0710526315789 0.0947368489474 0.246933108255
0.0710526315789 0.110526322105 0.246905159858
0.0710526315789 0.126315795263 0.246873915317
0.0710526315789 0.142105268421 0.246825359418
0.0710526315789 0.157894741579 0.246818552863
0.0710526315789 0.173684214737 0.246815981431
0.0710526315789 0.189473687895 0.246848534036
0.0710526315789 0.205263161053 0.246889509655
0.0710526315789 0.221052634211 0.246954819112
0.0710526315789 0.236842107368 0.246959097179
0.0710526315789 0.252631580526 0.24696457402
0.0710526315789 0.268421053684 0.246939211397
0.0710526315789 0.284210526842 0.246889286781
0.0710526315789 0.3 0.24684007246
0.0863157894737 1e-08 0.246963571815
0.0863157894737 0.0157894831579 0.246989275787
0.0863157894737 0.0315789563158 0.246989191107
0.0863157894737 0.0473684294737 0.246994543773
0.0863157894737 0.0631579026316 0.247018328642
0.0863157894737 0.0789473757895 0.246997065698
0.0863157894737 0.0947368489474 0.247009917738
0.0863157894737 0.110526322105 0.247019844379
0.0863157894737 0.126315795263 0.247006468117
0.0863157894737 0.142105268421 0.246997123947
0.0863157894737 0.157894741579 0.246995969051
0.0863157894737 0.173684214737 0.246997758509
0.0863157894737 0.189473687895 0.247003153812
0.0863157894737 0.205263161053 0.247027371554
0.0863157894737 0.221052634211 0.247036878588
0.0863157894737 0.236842107368 0.247035769371
0.0863157894737 0.252631580526 0.247037879082
0.0863157894737 0.268421053684 0.247042772785
0.0863157894737 0.284210526842 0.247043111317
0.0863157894737 0.3 0.247042851408
0.101578947368 1e-08 0.2471277738
0.101578947368 0.0157894831579 0.247154368084
0.101578947368 0.0315789563158 0.247151311438
0.101578947368 0.0473684294737 0.247154448945
0.101578947368 0.0631579026316 0.247181328944
0.101578947368 0.0789473757895 0.247142769093
0.101578947368 0.0947368489474 0.247152309867
0.101578947368 0.110526322105 0.247183589339
0.101578947368 0.126315795263 0.247157669199
0.101578947368 0.142105268421 0.247162664543
0.101578947368 0.157894741579 0.247176072325
0.101578947368 0.173684214737 0.247168001546
0.101578947368 0.189473687895 0.247180372078
0.101578947368 0.205263161053 0.247186570532
0.101578947368 0.221052634211 0.247180959967
0.101578947368 0.236842107368 0.247181897915
0.101578947368 0.252631580526 0.247203216727
0.101578947368 0.268421053684 0.247221033296
0.101578947368 0.284210526842 0.247201227989
0.101578947368 0.3 0.24721746923
0.116842105263 1e-08 0.247318321378
0.116842105263 0.0157894831579 0.24734716601
0.116842105263 0.0315789563158 0.247343692677
0.116842105263 0.0473684294737 0.247352222149
0.116842105263 0.0631579026316 0.247348891743
0.116842105263 0.0789473757895 0.247329892215
0.116842105263 0.0947368489474 0.247350037044
0.116842105263 0.110526322105 0.24736662932
0.116842105263 0.126315795263 0.247358988266
0.116842105263 0.142105268421 0.247358590268
0.116842105263 0.157894741579 0.247362174359
0.116842105263 0.173684214737 0.247377565585
0.116842105263 0.189473687895 0.247372107185
0.116842105263 0.205263161053 0.247390966466
0.116842105263 0.221052634211 0.247374965636
0.116842105263 0.236842107368 0.247382989318
0.116842105263 0.252631580526 0.247390560795
0.116842105263 0.268421053684 0.24740271992
0.116842105263 0.284210526842 0.247426664564
0.116842105263 0.3 0.247431214011
0.132105263158 1e-08 0.247539277964
0.132105263158 0.0157894831579 0.247568981924
0.132105263158 0.0315789563158 0.247569950736
0.132105263158 0.0473684294737 0.247585406
0.132105263158 0.0631579026316 0.247564143996
0.132105263158 0.0789473757895 0.247573583424
0.132105263158 0.0947368489474 0.247569911986
0.132105263158 0.110526322105 0.247565371228
0.132105263158 0.126315795263 0.24760405925
0.132105263158 0.142105268421 0.247593013633
0.132105263158 0.157894741579 0.247598355588
0.132105263158 0.173684214737 0.247611986151
0.132105263158 0.189473687895 0.247621487007
0.132105263158 0.205263161053 0.247610836036
0.132105263158 0.221052634211 0.247618975789
0.132105263158 0.236842107368 0.247623860029
0.132105263158 0.252631580526 0.247632793774
0.132105263158 0.268421053684 0.247667351029
0.132105263158 0.284210526842 0.247681146257
0.132105263158 0.3 0.247665759045
0.147368421053 1e-08 0.247803144671
0.147368421053 0.0157894831579 0.247846785643
0.147368421053 0.0315789563158 0.247856688496
0.147368421053 0.0473684294737 0.247837285495
0.147368421053 0.0631579026316 0.247828679548
0.147368421053 0.0789473757895 0.24783963005
0.147368421053 0.0947368489474 0.247842931061
0.147368421053 0.110526322105 0.247858582762
0.147368421053 0.126315795263 0.247877067437
0.147368421053 0.142105268421 0.247861972478
0.147368421053 0.157894741579 0.247864587488
0.147368421053 0.173684214737 0.247871840694
0.147368421053 0.189473687895 0.247883929576
0.147368421053 0.205263161053 0.247893846708
0.147368421053 0.221052634211 0.247895421999
0.147368421053 0.236842107368 0.247903888491
0.147368421053 0.252631580526 0.24791238467
0.147368421053 0.268421053684 0.247936175949
0.147368421053 0.284210526842 0.247961841294
0.147368421053 0.3 0.247971702814
0.162631578947 1e-08 0.248117271173
0.162631578947 0.0157894831579 0.248143251471
0.162631578947 0.0315789563158 0.248156035587
0.162631578947 0.0473684294737 0.248158077771
0.162631578947 0.0631579026316 0.248148557491
0.162631578947 0.0789473757895 0.24814994348
0.162631578947 0.0947368489474 0.248159730197
0.162631578947 0.110526322105 0.248157707946
0.162631578947 0.126315795263 0.248178503128
0.162631578947 0.142105268421 0.248188271059
0.162631578947 0.157894741579 0.248194076011
0.162631578947 0.173684214737 0.248195203899
0.162631578947 0.189473687895 0.248206179807
0.162631578947 0.205263161053 0.248205704285
0.162631578947 0.221052634211 0.248210794437
0.162631578947 0.236842107368 0.248227924968
0.162631578947 0.252631580526 0.248247252142
0.162631578947 0.268421053684 0.248264148552
0.162631578947 0.284210526842 0.248278677224
0.162631578947 0.3 0.248310977036
0.177894736842 1e-08 0.248472453723
0.177894736842 0.0157894831579 0.248493639943
0.177894736842 0.0315789563158 0.248504513964
0.177894736842 0.0473684294737 0.248505245379
0.177894736842 0.0631579026316 0.248504629624
0.177894736842 0.0789473757895 0.248494190981
0.177894736842 0.0947368489474 0.248513495003
0.177894736842 0.110526322105 0.248527591669
0.177894736842 0.126315795263 0.248523647677
0.177894736842 0.142105268421 0.248528466399
0.177894736842 0.157894741579 0.248547504029
0.177894736842 0.173684214737 0.248541861578
0.177894736842 0.189473687895 0.248586685327
0.177894736842 0.205263161053 0.248584986734
0.177894736842 0.221052634211 0.248586666858
0.177894736842 0.236842107368 0.248604866162
0.177894736842 0.252631580526 0.248619327338
0.177894736842 0.268421053684 0.248630689263
0.177894736842 0.284210526842 0.248651918682
0.177894736842 0.3 0.248698813845
0.193157894737 1e-08 0.248870701824
0.193157894737 0.0157894831579 0.248897013545
0.193157894737 0.0315789563158 0.248895868034
0.193157894737 0.0473684294737 0.248894013206
0.193157894737 0.0631579026316 0.248906525622
0.193157894737 0.0789473757895 0.248901511197
0.193157894737 0.0947368489474 0.248907516986
0.193157894737 0.110526322105 0.248916790402
0.193157894737 0.126315795263 0.248921996205
0.193157894737 0.142105268421 0.248935932963
0.193157894737 0.157894741579 0.248946692659
0.193157894737 0.173684214737 0.24895528098
0.193157894737 0.189473687895 0.248991544671
0.193157894737 0.205263161053 0.248983552004
0.193157894737 0.221052634211 0.248991702844
0.193157894737 0.236842107368 0.24901338355
0.193157894737 0.252631580526 0.249027341778
0.193157894737 0.268421053684 0.249051258012
0.193157894737 0.284210526842 0.249067657599
0.193157894737 0.3 0.249089293428
0.208421052632 1e-08 0.249312026579
0.208421052632 0.0157894831579 0.249344069901
0.208421052632 0.0315789563158 0.249337576984
0.208421052632 0.0473684294737 0.249329256902
0.208421052632 0.0631579026316 0.249338470185
0.208421052632 0.0789473757895 0.24934665838
0.208421052632 0.0947368489474 0.249348067141
0.208421052632 0.110526322105 0.249369373728
0.208421052632 0.126315795263 0.249359710403
0.208421052632 0.142105268421 0.249377556468
0.208421052632 0.157894741579 0.24939052246
0.208421052632 0.173684214737 0.249424729929
0.208421052632 0.189473687895 0.249413999591
0.208421052632 0.205263161053 0.249422450423
0.208421052632 0.221052634211 0.249448621171
0.208421052632 0.236842107368 0.24946844201
0.208421052632 0.252631580526 0.249478020786
0.208421052632 0.268421053684 0.249499257786
0.208421052632 0.284210526842 0.249530439439
0.208421052632 0.3 0.249538232351
0.223684210526 1e-08 0.249792697637
0.223684210526 0.0157894831579 0.249834400468
0.223684210526 0.0315789563158 0.249812762852
0.223684210526 0.0473684294737 0.249802154068
0.223684210526 0.0631579026316 0.249818498541
0.223684210526 0.0789473757895 0.249838262894
0.223684210526 0.0947368489474 0.249824568737
0.223684210526 0.110526322105 0.249841266441
0.223684210526 0.126315795263 0.249852344719
0.223684210526 0.142105268421 0.249857084966
0.223684210526 0.157894741579 0.249879700276
0.223684210526 0.173684214737 0.249906792042
0.223684210526 0.189473687895 0.249890009154
0.223684210526 0.205263161053 0.249910891431
0.223684210526 0.221052634211 0.249931005515
0.223684210526 0.236842107368 0.249946418577
0.223684210526 0.252631580526 0.249963803252
0.223684210526 0.268421053684 0.249979563186
0.223684210526 0.284210526842 0.250004047961
0.223684210526 0.3 0.250032630698
0.238947368421 1e-08 0.250309450944
0.238947368421 0.0157894831579 0.250341985679
0.238947368421 0.0315789563158 0.250330758695
0.238947368421 0.0473684294737 0.25032908515
0.238947368421 0.0631579026316 0.250334724987
0.238947368421 0.0789473757895 0.250340356007
0.238947368421 0.0947368489474 0.250353091499
0.238947368421 0.110526322105 0.250346035538
0.238947368421 0.126315795263 0.250356537585
0.238947368421 0.142105268421 0.250381425495
0.238947368421 0.157894741579 0.250389381675
0.238947368421 0.173684214737 0.250392570415
0.238947368421 0.189473687895 0.250407229192
0.238947368421 0.205263161053 0.250411456605
0.238947368421 0.221052634211 0.250440854674
0.238947368421 0.236842107368 0.250446393178
0.238947368421 0.252631580526 0.25046666373
0.238947368421 0.268421053684 0.250497377822
0.238947368421 0.284210526842 0.250502876578
0.238947368421 0.3 0.250538921773
0.254210526316 1e-08 0.250851284189
0.254210526316 0.0157894831579 0.250869332236
0.254210526316 0.0315789563158 0.250861569688
0.254210526316 0.0473684294737 0.250868851311
0.254210526316 0.0631579026316 0.250868409222
0.254210526316 0.0789473757895 0.250876700878
0.254210526316 0.0947368489474 0.250878278682
0.254210526316 0.110526322105 0.250891802544
0.254210526316 0.126315795263 0.250892019337
0.254210526316 0.142105268421 0.250913903698
0.254210526316 0.157894741579 0.250921279573
0.254210526316 0.173684214737 0.250931803596
0.254210526316 0.189473687895 0.250939936355
0.254210526316 0.205263161053 0.250943565214
0.254210526316 0.221052634211 0.250959222942
0.254210526316 0.236842107368 0.25098453074
0.254210526316 0.252631580526 0.250996172847
0.254210526316 0.268421053684 0.25100234642
0.254210526316 0.284210526842 0.251033893003
0.254210526316 0.3 0.251053957462
0.269473684211 1e-08 0.251407072938
0.269473684211 0.0157894831579 0.25141816044
0.269473684211 0.0315789563158 0.251429904844
0.269473684211 0.0473684294737 0.25141382706
0.269473684211 0.0631579026316 0.251419932557
0.269473684211 0.0789473757895 0.251434453013
0.269473684211 0.0947368489474 0.251432111978
0.269473684211 0.110526322105 0.251437140038
0.269473684211 0.126315795263 0.25143695185
0.269473684211 0.142105268421 0.251463854298
0.269473684211 0.157894741579 0.251459385531
0.269473684211 0.173684214737 0.251467900829
0.269473684211 0.189473687895 0.251490444258
0.269473684211 0.205263161053 0.251477461541
0.269473684211 0.221052634211 0.25149984051
0.269473684211 0.236842107368 0.251517673842
0.269473684211 0.252631580526 0.251525745885
0.269473684211 0.268421053684 0.251534566905
0.269473684211 0.284210526842 0.251561495655
0.269473684211 0.3 0.251577401774
0.284736842105 1e-08 0.251971254972
0.284736842105 0.0157894831579 0.251982416444
0.284736842105 0.0315789563158 0.251984716391
0.284736842105 0.0473684294737 0.251988111634
0.284736842105 0.0631579026316 0.251979087541
0.284736842105 0.0789473757895 0.251999768927
0.284736842105 0.0947368489474 0.251988524037
0.284736842105 0.110526322105 0.251992453226
0.284736842105 0.126315795263 0.25200477723
0.284736842105 0.142105268421 0.252005590403
0.284736842105 0.157894741579 0.252011739858
0.284736842105 0.173684214737 0.2520251649
0.284736842105 0.189473687895 0.252020857917
0.284736842105 0.205263161053 0.252035244268
0.284736842105 0.221052634211 0.252032388565
0.284736842105 0.236842107368 0.252051073022
0.284736842105 0.252631580526 0.252055035287
0.284736842105 0.268421053684 0.252061107666
0.284736842105 0.284210526842 0.252079630642
0.284736842105 0.3 0.252086831154
0.3 1e-08 0.252534770873
0.3 0.0157894831579 0.252552666955
0.3 0.0315789563158 0.252538686136
0.3 0.0473684294737 0.252550143341
0.3 0.0631579026316 0.252540465693
0.3 0.0789473757895 0.252556067322
0.3 0.0947368489474 0.252550041409
0.3 0.110526322105 0.252545348753
0.3 0.126315795263 0.252556753325
0.3 0.142105268421 0.252557300278
0.3 0.157894741579 0.252563102251
0.3 0.173684214737 0.252570005578
0.3 0.189473687895 0.252564429611
0.3 0.205263161053 0.252565291594
0.3 0.221052634211 0.252568780618
0.3 0.236842107368 0.25257574541
0.3 0.252631580526 0.252577841156
0.3 0.268421053684 0.252589568753
0.3 0.284210526842 0.252581462613
0.3 0.3 0.25258823208
