  -4.00000000000000       0.000000000000000E+000
  -3.98400000000000       0.000000000000000E+000
  -3.96800000000000       0.000000000000000E+000
  -3.95200000000000       0.000000000000000E+000
  -3.93600000000000       0.000000000000000E+000
  -3.92000000000000       0.000000000000000E+000
  -3.90400000000000       0.000000000000000E+000
  -3.88800000000000       0.000000000000000E+000
  -3.87200000000000       0.000000000000000E+000
  -3.85600000000000       0.000000000000000E+000
  -3.84000000000000       0.000000000000000E+000
  -3.82400000000000       0.000000000000000E+000
  -3.80800000000000       0.000000000000000E+000
  -3.79200000000000       0.000000000000000E+000
  -3.77600000000000       0.000000000000000E+000
  -3.76000000000000       0.000000000000000E+000
  -3.74400000000000       0.000000000000000E+000
  -3.72800000000000       0.000000000000000E+000
  -3.71200000000000       0.000000000000000E+000
  -3.69600000000000       0.000000000000000E+000
  -3.68000000000000       0.000000000000000E+000
  -3.66400000000000       0.000000000000000E+000
  -3.64800000000000       0.000000000000000E+000
  -3.63200000000000       0.000000000000000E+000
  -3.61600000000000       0.000000000000000E+000
  -3.60000000000000       0.000000000000000E+000
  -3.58400000000000       0.000000000000000E+000
  -3.56800000000000       0.000000000000000E+000
  -3.55200000000000       0.000000000000000E+000
  -3.53600000000000       0.000000000000000E+000
  -3.52000000000000       0.000000000000000E+000
  -3.50400000000000       0.000000000000000E+000
  -3.48800000000000       0.000000000000000E+000
  -3.47200000000000       0.000000000000000E+000
  -3.45600000000000       0.000000000000000E+000
  -3.44000000000000       0.000000000000000E+000
  -3.42400000000000       0.000000000000000E+000
  -3.40800000000000       0.000000000000000E+000
  -3.39200000000000       0.000000000000000E+000
  -3.37600000000000       0.000000000000000E+000
  -3.36000000000000       0.000000000000000E+000
  -3.34400000000000       0.000000000000000E+000
  -3.32800000000000       0.000000000000000E+000
  -3.31200000000000       0.000000000000000E+000
  -3.29600000000000       0.000000000000000E+000
  -3.28000000000000       0.000000000000000E+000
  -3.26400000000000       0.000000000000000E+000
  -3.24800000000000       0.000000000000000E+000
  -3.23200000000000       0.000000000000000E+000
  -3.21600000000000       0.000000000000000E+000
  -3.20000000000000       0.000000000000000E+000
  -3.18400000000000       0.000000000000000E+000
  -3.16800000000000       0.000000000000000E+000
  -3.15200000000000       0.000000000000000E+000
  -3.13600000000000       0.000000000000000E+000
  -3.12000000000000       0.000000000000000E+000
  -3.10400000000000       0.000000000000000E+000
  -3.08800000000000       0.000000000000000E+000
  -3.07200000000000       0.000000000000000E+000
  -3.05600000000000       0.000000000000000E+000
  -3.04000000000000       0.000000000000000E+000
  -3.02400000000000       0.000000000000000E+000
  -3.00800000000000       0.139150000000000     
  -2.99200000000000       0.277050000000000     
  -2.97600000000000       0.277785000000000     
  -2.96000000000000       0.278285000000000     
  -2.94400000000000       0.279075000000000     
  -2.92800000000000       0.279585000000000     
  -2.91200000000000       0.280485000000000     
  -2.89600000000000       0.280935000000000     
  -2.88000000000000       0.282260000000000     
  -2.86400000000000       0.282707500000000     
  -2.84800000000000       0.283302500000000     
  -2.83200000000000       0.284280000000000     
  -2.81600000000000       0.285005000000000     
  -2.80000000000000       0.286090000000000     
  -2.78400000000000       0.286680000000000     
  -2.76800000000000       0.287420000000000     
  -2.75200000000000       0.288332500000000     
  -2.73600000000000       0.289370000000000     
  -2.72000000000000       0.290017500000000     
  -2.70400000000000       0.290775000000000     
  -2.68800000000000       0.291800000000000     
  -2.67200000000000       0.292835000000000     
  -2.65600000000000       0.293602500000000     
  -2.64000000000000       0.294322500000000     
  -2.62400000000000       0.295240000000000     
  -2.60800000000000       0.296265000000000     
  -2.59200000000000       0.297360000000000     
  -2.57600000000000       0.297695000000000     
  -2.56000000000000       0.299150000000000     
  -2.54400000000000       0.299920000000000     
  -2.52800000000000       0.301115000000000     
  -2.51200000000000       0.301745000000000     
  -2.49600000000000       0.303085000000000     
  -2.48000000000000       0.303815000000000     
  -2.46400000000000       0.305095000000000     
  -2.44800000000000       0.305695000000000     
  -2.43200000000000       0.306925000000000     
  -2.41600000000000       0.308070000000000     
  -2.40000000000000       0.309032500000000     
  -2.38400000000000       0.309562500000000     
  -2.36800000000000       0.311730000000000     
  -2.35200000000000       0.312225000000000     
  -2.33600000000000       0.313260000000000     
  -2.32000000000000       0.314535000000000     
  -2.30400000000000       0.315310000000000     
  -2.28800000000000       0.316970000000000     
  -2.27200000000000       0.317770000000000     
  -2.25600000000000       0.319245000000000     
  -2.24000000000000       0.320210000000000     
  -2.22400000000000       0.321380000000000     
  -2.20800000000000       0.322835000000000     
  -2.19200000000000       0.324027500000000     
  -2.17600000000000       0.324690000000000     
  -2.16000000000000       0.326912500000000     
  -2.14400000000000       0.327400000000000     
  -2.12800000000000       0.329495000000000     
  -2.11200000000000       0.330200000000000     
  -2.09600000000000       0.331720000000000     
  -2.08000000000000       0.332952500000000     
  -2.06400000000000       0.334757500000000     
  -2.04800000000000       0.335905000000000     
  -2.03200000000000       0.337570000000000     
  -2.01600000000000       0.339055000000000     
  -2.00000000000000       0.339712500000000     
  -1.98400000000000       0.342042500000000     
  -1.96800000000000       0.343805000000000     
  -1.95200000000000       0.345040000000000     
  -1.93600000000000       0.345975000000000     
  -1.92000000000000       0.348790000000000     
  -1.90400000000000       0.349947500000000     
  -1.88800000000000       0.351622500000000     
  -1.87200000000000       0.352990000000000     
  -1.85600000000000       0.355160000000000     
  -1.84000000000000       0.357150000000000     
  -1.82400000000000       0.358605000000000     
  -1.80800000000000       0.360725000000000     
  -1.79200000000000       0.362520000000000     
  -1.77600000000000       0.364757500000000     
  -1.76000000000000       0.366172500000000     
  -1.74400000000000       0.368512500000000     
  -1.72800000000000       0.370857500000000     
  -1.71200000000000       0.372507500000000     
  -1.69600000000000       0.375655000000000     
  -1.68000000000000       0.376672500000000     
  -1.66400000000000       0.380052500000000     
  -1.64800000000000       0.381765000000000     
  -1.63200000000000       0.385017500000000     
  -1.61600000000000       0.387112500000000     
  -1.60000000000000       0.389292500000000     
  -1.58400000000000       0.392800000000000     
  -1.56800000000000       0.395050000000000     
  -1.55200000000000       0.397872500000000     
  -1.53600000000000       0.400942500000000     
  -1.52000000000000       0.404960000000000     
  -1.50400000000000       0.407237500000000     
  -1.48800000000000       0.410635000000000     
  -1.47200000000000       0.414002500000000     
  -1.45600000000000       0.417882500000000     
  -1.44000000000000       0.421452500000000     
  -1.42400000000000       0.425265000000000     
  -1.40800000000000       0.429545000000000     
  -1.39200000000000       0.433712500000000     
  -1.37600000000000       0.438405000000000     
  -1.36000000000000       0.442792500000000     
  -1.34400000000000       0.448142500000000     
  -1.32800000000000       0.453205000000000     
  -1.31200000000000       0.458957500000000     
  -1.29600000000000       0.464025000000000     
  -1.28000000000000       0.471185000000000     
  -1.26400000000000       0.478175000000000     
  -1.24800000000000       0.485750000000000     
  -1.23200000000000       0.493365000000000     
  -1.21600000000000       0.501380000000000     
  -1.20000000000000       0.510692500000000     
  -1.18400000000000       0.521737500000000     
  -1.16800000000000       0.533320000000000     
  -1.15200000000000       0.545790000000000     
  -1.13600000000000       0.559730000000000     
  -1.12000000000000       0.577890000000000     
  -1.10400000000000       0.597622500000000     
  -1.08800000000000       0.621207500000000     
  -1.07200000000000       0.649742500000000     
  -1.05600000000000       0.691440000000000     
  -1.04000000000000       0.749067500000000     
  -1.02400000000000       0.853655000000000     
  -1.00800000000000        1.09530250000000     
 -0.991999999999997       0.838517500000000     
 -0.975999999999997       0.722745000000000     
 -0.959999999999997       0.655155000000000     
 -0.943999999999997       0.604600000000000     
 -0.927999999999997       0.567410000000000     
 -0.911999999999997       0.535590000000000     
 -0.895999999999997       0.508272500000000     
 -0.879999999999997       0.482552500000000     
 -0.863999999999997       0.461460000000000     
 -0.847999999999997       0.442260000000000     
 -0.831999999999997       0.424272500000000     
 -0.815999999999997       0.406397500000000     
 -0.799999999999997       0.391692500000000     
 -0.783999999999997       0.376802500000000     
 -0.767999999999997       0.363045000000000     
 -0.751999999999997       0.350010000000000     
 -0.735999999999997       0.337635000000000     
 -0.719999999999997       0.325300000000000     
 -0.703999999999997       0.313655000000000     
 -0.687999999999997       0.303265000000000     
 -0.671999999999997       0.292820000000000     
 -0.655999999999997       0.282525000000000     
 -0.639999999999997       0.272550000000000     
 -0.623999999999997       0.263625000000000     
 -0.607999999999997       0.253785000000000     
 -0.591999999999997       0.245115000000000     
 -0.575999999999997       0.236257500000000     
 -0.559999999999997       0.228127500000000     
 -0.543999999999997       0.219285000000000     
 -0.527999999999997       0.211547500000000     
 -0.511999999999997       0.203592500000000     
 -0.495999999999997       0.196065000000000     
 -0.479999999999997       0.187965000000000     
 -0.463999999999997       0.180705000000000     
 -0.447999999999997       0.173445000000000     
 -0.431999999999997       0.166445000000000     
 -0.415999999999997       0.158875000000000     
 -0.399999999999997       0.152020000000000     
 -0.383999999999997       0.145400000000000     
 -0.367999999999997       0.138300000000000     
 -0.351999999999997       0.131790000000000     
 -0.335999999999997       0.124920000000000     
 -0.319999999999997       0.118830000000000     
 -0.303999999999997       0.112065000000000     
 -0.287999999999997       0.105645000000000     
 -0.271999999999997       9.963000000000000E-002
 -0.255999999999997       9.276000000000000E-002
 -0.239999999999997       8.662499999999999E-002
 -0.223999999999997       8.065500000000000E-002
 -0.207999999999997       7.459499999999999E-002
 -0.191999999999997       6.832500000000000E-002
 -0.175999999999997       6.250500000000001E-002
 -0.159999999999997       5.623500000000000E-002
 -0.143999999999997       5.025000000000000E-002
 -0.127999999999997       4.426500000000000E-002
 -0.111999999999997       3.837000000000000E-002
 -9.599999999999656E-002  3.243000000000000E-002
 -7.999999999999656E-002  2.649000000000000E-002
 -6.399999999999656E-002  2.053500000000000E-002
 -4.799999999999656E-002  1.476000000000000E-002
 -3.199999999999656E-002  8.820000000000000E-003
 -1.599999999999656E-002  2.940000000000000E-003
  3.441691376337985E-015  2.940000000000000E-003
  1.600000000000344E-002  8.820000000000000E-003
  3.200000000000344E-002  1.476000000000000E-002
  4.800000000000344E-002  2.053500000000000E-002
  6.400000000000344E-002  2.649000000000000E-002
  8.000000000000344E-002  3.243000000000000E-002
  9.600000000000344E-002  3.837000000000000E-002
  0.112000000000003       4.426500000000000E-002
  0.128000000000003       5.025000000000000E-002
  0.144000000000003       5.623500000000000E-002
  0.160000000000003       6.250500000000001E-002
  0.176000000000003       6.832500000000000E-002
  0.192000000000004       7.459499999999999E-002
  0.208000000000004       8.065500000000000E-002
  0.224000000000004       8.662499999999999E-002
  0.240000000000004       9.276000000000000E-002
  0.256000000000004       9.963000000000000E-002
  0.272000000000004       0.105645000000000     
  0.288000000000004       0.112065000000000     
  0.304000000000004       0.118830000000000     
  0.320000000000004       0.124920000000000     
  0.336000000000004       0.131790000000000     
  0.352000000000004       0.138300000000000     
  0.368000000000004       0.145400000000000     
  0.384000000000004       0.152020000000000     
  0.400000000000004       0.158875000000000     
  0.416000000000004       0.166445000000000     
  0.432000000000004       0.173445000000000     
  0.448000000000004       0.180705000000000     
  0.464000000000004       0.187965000000000     
  0.480000000000004       0.196065000000000     
  0.496000000000004       0.203592500000000     
  0.512000000000004       0.211547500000000     
  0.528000000000004       0.219285000000000     
  0.544000000000004       0.228127500000000     
  0.560000000000004       0.236257500000000     
  0.576000000000004       0.245115000000000     
  0.592000000000004       0.253785000000000     
  0.608000000000004       0.263625000000000     
  0.624000000000004       0.272550000000000     
  0.640000000000004       0.282525000000000     
  0.656000000000004       0.292820000000000     
  0.672000000000004       0.303265000000000     
  0.688000000000004       0.313655000000000     
  0.704000000000004       0.325300000000000     
  0.720000000000004       0.337635000000000     
  0.736000000000004       0.350010000000000     
  0.752000000000004       0.363045000000000     
  0.768000000000004       0.376802500000000     
  0.784000000000004       0.391692500000000     
  0.800000000000004       0.406397500000000     
  0.816000000000004       0.424272500000000     
  0.832000000000004       0.442260000000000     
  0.848000000000004       0.461460000000000     
  0.864000000000004       0.482552500000000     
  0.880000000000004       0.508272500000000     
  0.896000000000004       0.535590000000000     
  0.912000000000004       0.567410000000000     
  0.928000000000004       0.604600000000000     
  0.944000000000004       0.655155000000000     
  0.960000000000004       0.722745000000000     
  0.976000000000004       0.838517500000000     
  0.992000000000004        1.09530250000000     
   1.00800000000000       0.853655000000000     
   1.02400000000000       0.749067500000000     
   1.04000000000000       0.691440000000000     
   1.05600000000000       0.649742500000000     
   1.07200000000000       0.621207500000000     
   1.08800000000000       0.597622500000000     
   1.10400000000000       0.577890000000000     
   1.12000000000000       0.559730000000000     
   1.13600000000000       0.545790000000000     
   1.15200000000000       0.533320000000000     
   1.16800000000000       0.521737500000000     
   1.18400000000000       0.510692500000000     
   1.20000000000000       0.501380000000000     
   1.21600000000000       0.493365000000000     
   1.23200000000000       0.485750000000000     
   1.24800000000000       0.478175000000000     
   1.26400000000000       0.471185000000000     
   1.28000000000000       0.464025000000000     
   1.29600000000000       0.458957500000000     
   1.31200000000000       0.453205000000000     
   1.32800000000000       0.448142500000000     
   1.34400000000000       0.442792500000000     
   1.36000000000000       0.438405000000000     
   1.37600000000000       0.433712500000000     
   1.39200000000000       0.429545000000000     
   1.40800000000000       0.425265000000000     
   1.42400000000000       0.421452500000000     
   1.44000000000000       0.417882500000000     
   1.45600000000000       0.414002500000000     
   1.47200000000000       0.410635000000000     
   1.48800000000000       0.407237500000000     
   1.50400000000000       0.404960000000000     
   1.52000000000000       0.400942500000000     
   1.53600000000000       0.397872500000000     
   1.55200000000000       0.395050000000000     
   1.56800000000000       0.392800000000000     
   1.58400000000000       0.389292500000000     
   1.60000000000000       0.387112500000000     
   1.61600000000000       0.385017500000000     
   1.63200000000000       0.381765000000000     
   1.64800000000000       0.380052500000000     
   1.66400000000000       0.376672500000000     
   1.68000000000000       0.375655000000000     
   1.69600000000000       0.372507500000000     
   1.71200000000000       0.370857500000000     
   1.72800000000000       0.368512500000000     
   1.74400000000000       0.366172500000000     
   1.76000000000000       0.364757500000000     
   1.77600000000000       0.362520000000000     
   1.79200000000000       0.360725000000000     
   1.80800000000000       0.358605000000000     
   1.82400000000000       0.357150000000000     
   1.84000000000000       0.355160000000000     
   1.85600000000000       0.352990000000000     
   1.87200000000000       0.351622500000000     
   1.88800000000001       0.349947500000000     
   1.90400000000001       0.348790000000000     
   1.92000000000001       0.345975000000000     
   1.93600000000001       0.345040000000000     
   1.95200000000001       0.343805000000000     
   1.96800000000001       0.342042500000000     
   1.98400000000001       0.339712500000000     
   2.00000000000000       0.339055000000000     
   2.01600000000000       0.337570000000000     
   2.03200000000000       0.335905000000000     
   2.04800000000000       0.334757500000000     
   2.06400000000000       0.332952500000000     
   2.08000000000000       0.331720000000000     
   2.09600000000000       0.330200000000000     
   2.11200000000000       0.329495000000000     
   2.12800000000000       0.327400000000000     
   2.14400000000001       0.326912500000000     
   2.16000000000001       0.324690000000000     
   2.17600000000001       0.324027500000000     
   2.19200000000001       0.322835000000000     
   2.20800000000001       0.321380000000000     
   2.22400000000001       0.320210000000000     
   2.24000000000001       0.319245000000000     
   2.25600000000001       0.317770000000000     
   2.27200000000001       0.316970000000000     
   2.28800000000001       0.315310000000000     
   2.30400000000001       0.314535000000000     
   2.32000000000001       0.313260000000000     
   2.33600000000001       0.312225000000000     
   2.35200000000001       0.311730000000000     
   2.36800000000001       0.309562500000000     
   2.38400000000001       0.309032500000000     
   2.40000000000001       0.308070000000000     
   2.41600000000001       0.306925000000000     
   2.43200000000001       0.305695000000000     
   2.44800000000001       0.305095000000000     
   2.46400000000001       0.303815000000000     
   2.48000000000001       0.303085000000000     
   2.49600000000001       0.301745000000000     
   2.51200000000001       0.301115000000000     
   2.52800000000001       0.299920000000000     
   2.54400000000001       0.299150000000000     
   2.56000000000001       0.297695000000000     
   2.57600000000001       0.297360000000000     
   2.59200000000001       0.296265000000000     
   2.60800000000001       0.295240000000000     
   2.62400000000001       0.294322500000000     
   2.64000000000001       0.293602500000000     
   2.65600000000001       0.292835000000000     
   2.67200000000001       0.291800000000000     
   2.68800000000001       0.290775000000000     
   2.70400000000001       0.290017500000000     
   2.72000000000001       0.289370000000000     
   2.73600000000001       0.288332500000000     
   2.75200000000001       0.287420000000000     
   2.76800000000001       0.286680000000000     
   2.78400000000001       0.286090000000000     
   2.80000000000001       0.285005000000000     
   2.81600000000001       0.284280000000000     
   2.83200000000001       0.283302500000000     
   2.84800000000001       0.282707500000000     
   2.86400000000001       0.282260000000000     
   2.88000000000001       0.280935000000000     
   2.89600000000001       0.280485000000000     
   2.91200000000001       0.279585000000000     
   2.92800000000001       0.279075000000000     
   2.94400000000001       0.278285000000000     
   2.96000000000001       0.277785000000000     
   2.97600000000001       0.277050000000000     
   2.99200000000001       0.139150000000000     
   3.00800000000001       0.000000000000000E+000
   3.02400000000001       0.000000000000000E+000
   3.04000000000001       0.000000000000000E+000
   3.05600000000001       0.000000000000000E+000
   3.07200000000001       0.000000000000000E+000
   3.08800000000001       0.000000000000000E+000
   3.10400000000001       0.000000000000000E+000
   3.12000000000001       0.000000000000000E+000
   3.13600000000001       0.000000000000000E+000
   3.15200000000001       0.000000000000000E+000
   3.16800000000001       0.000000000000000E+000
   3.18400000000001       0.000000000000000E+000
   3.20000000000001       0.000000000000000E+000
   3.21600000000001       0.000000000000000E+000
   3.23200000000001       0.000000000000000E+000
   3.24800000000001       0.000000000000000E+000
   3.26400000000001       0.000000000000000E+000
   3.28000000000001       0.000000000000000E+000
   3.29600000000001       0.000000000000000E+000
   3.31200000000001       0.000000000000000E+000
   3.32800000000001       0.000000000000000E+000
   3.34400000000001       0.000000000000000E+000
   3.36000000000001       0.000000000000000E+000
   3.37600000000001       0.000000000000000E+000
   3.39200000000001       0.000000000000000E+000
   3.40800000000001       0.000000000000000E+000
   3.42400000000001       0.000000000000000E+000
   3.44000000000001       0.000000000000000E+000
   3.45600000000001       0.000000000000000E+000
   3.47200000000001       0.000000000000000E+000
   3.48800000000001       0.000000000000000E+000
   3.50400000000001       0.000000000000000E+000
   3.52000000000001       0.000000000000000E+000
   3.53600000000001       0.000000000000000E+000
   3.55200000000001       0.000000000000000E+000
   3.56800000000001       0.000000000000000E+000
   3.58400000000001       0.000000000000000E+000
   3.60000000000001       0.000000000000000E+000
   3.61600000000001       0.000000000000000E+000
   3.63200000000001       0.000000000000000E+000
   3.64800000000001       0.000000000000000E+000
   3.66400000000001       0.000000000000000E+000
   3.68000000000001       0.000000000000000E+000
   3.69600000000001       0.000000000000000E+000
   3.71200000000001       0.000000000000000E+000
   3.72800000000001       0.000000000000000E+000
   3.74400000000001       0.000000000000000E+000
   3.76000000000001       0.000000000000000E+000
   3.77600000000001       0.000000000000000E+000
   3.79200000000001       0.000000000000000E+000
   3.80800000000001       0.000000000000000E+000
   3.82400000000001       0.000000000000000E+000
   3.84000000000001       0.000000000000000E+000
   3.85600000000001       0.000000000000000E+000
   3.87200000000001       0.000000000000000E+000
   3.88800000000001       0.000000000000000E+000
   3.90400000000001       0.000000000000000E+000
   3.92000000000001       0.000000000000000E+000
   3.93600000000001       0.000000000000000E+000
   3.95200000000001       0.000000000000000E+000
   3.96800000000001       0.000000000000000E+000
   3.98400000000001       0.000000000000000E+000
