  -4.00000000000000       8.806944328327035E-004
  -3.98400000000000       8.964959066161661E-004
  -3.96800000000000       9.128116501435654E-004
  -3.95200000000000       9.296670219951898E-004
  -3.93600000000000       9.470890866867326E-004
  -3.92000000000000       9.651067614125395E-004
  -3.90400000000000       9.837509782564594E-004
  -3.88800000000000       1.003054863815199E-003
  -3.87200000000000       1.023053938456882E-003
  -3.85600000000000       1.043786337773016E-003
  -3.84000000000000       1.065293059165809E-003
  -3.82400000000000       1.087618236978744E-003
  -3.80800000000000       1.110809450092993E-003
  -3.79200000000000       1.134918066579776E-003
  -3.77600000000000       1.159999630713711E-003
  -3.76000000000000       1.186114298575757E-003
  -3.74400000000000       1.213327329521901E-003
  -3.72800000000000       1.241709642072751E-003
  -3.71200000000000       1.271338444325339E-003
  -3.69600000000000       1.302297950817606E-003
  -3.68000000000000       1.334680200032684E-003
  -3.66400000000000       1.368585989449674E-003
  -3.64800000000000       1.404125948378306E-003
  -3.63200000000000       1.441421772893940E-003
  -3.61600000000000       1.480607652240968E-003
  -3.60000000000000       1.521831922306161E-003
  -3.58400000000000       1.565258989545854E-003
  -3.56800000000000       1.611071578502286E-003
  -3.55200000000000       1.659473368329631E-003
  -3.53600000000000       1.710692099317249E-003
  -3.52000000000000       1.764983250286848E-003
  -3.50400000000000       1.822634413272587E-003
  -3.48800000000000       1.883970524967286E-003
  -3.47200000000000       1.949360157518575E-003
  -3.45600000000000       2.019223127972646E-003
  -3.44000000000000       2.094039760858375E-003
  -3.42400000000000       2.174362239088296E-003
  -3.40800000000000       2.260828614427222E-003
  -3.39200000000000       2.354180234771785E-003
  -3.37600000000000       2.455283602378025E-003
  -3.36000000000000       2.565158036604262E-003
  -3.34400000000000       2.685011024043284E-003
  -3.32800000000000       2.816283871091017E-003
  -3.31200000000000       2.960711342801041E-003
  -3.29600000000000       3.120400558593425E-003
  -3.28000000000000       3.297936814717804E-003
  -3.26400000000000       3.496527705341613E-003
  -3.24800000000000       3.720202755008550E-003
  -3.23200000000000       3.974095221506839E-003
  -3.21600000000000       4.264848433629596E-003
  -3.20000000000000       4.601215964080812E-003
  -3.18400000000000       4.994972789074363E-003
  -3.16800000000000       5.462343082505972E-003
  -3.15200000000000       6.026321737477481E-003
  -3.13600000000000       6.720617371784606E-003
  -3.12000000000000       7.596709454490575E-003
  -3.10400000000000       8.737315185666655E-003
  -3.08800000000000       1.028423841265188E-002
  -3.07200000000000       1.250226651471580E-002
  -3.05600000000000       1.594780247536704E-002
  -3.04000000000000       2.201208015333893E-002
  -3.02400000000000       3.529508334267744E-002
  -3.00800000000000       7.969114583343777E-002
  -2.99200000000000       0.198885821433409     
  -2.97600000000000       0.243252253723415     
  -2.96000000000000       0.256938976438493     
  -2.94400000000000       0.263555918065768     
  -2.92800000000000       0.267623328408306     
  -2.91200000000000       0.270503857289134     
  -2.89600000000000       0.272740967541402     
  -2.88000000000000       0.274592643164670     
  -2.86400000000000       0.276196734434372     
  -2.84800000000000       0.277633495084657     
  -2.83200000000000       0.278952791676886     
  -2.81600000000000       0.280187239370393     
  -2.80000000000000       0.281359074412939     
  -2.78400000000000       0.282483987919686     
  -2.76800000000000       0.283573379594031     
  -2.75200000000000       0.284635741728824     
  -2.73600000000000       0.285677541118789     
  -2.72000000000000       0.286703799142454     
  -2.70400000000000       0.287718483962184     
  -2.68800000000000       0.288724782174318     
  -2.67200000000000       0.289725291021990     
  -2.65600000000000       0.290722157015651     
  -2.64000000000000       0.291717177628091     
  -2.62400000000000       0.292711877066329     
  -2.60800000000000       0.293707563527621     
  -2.59200000000000       0.294705373033765     
  -2.57600000000000       0.295706303388419     
  -2.56000000000000       0.296711240783465     
  -2.54400000000000       0.297720980862004     
  -2.52800000000000       0.298736245562489     
  -2.51200000000000       0.299757696715475     
  -2.49600000000000       0.300785947122569     
  -2.48000000000000       0.301821569665931     
  -2.46400000000000       0.302865104863553     
  -2.44800000000000       0.303917067195152     
  -2.43200000000000       0.304977950445324     
  -2.41600000000000       0.306048232259327     
  -2.40000000000000       0.307128378065688     
  -2.38400000000000       0.308218844488019     
  -2.36800000000000       0.309320082343508     
  -2.35200000000000       0.310432539307325     
  -2.33600000000000       0.311556662308051     
  -2.32000000000000       0.312692899706946     
  -2.30400000000000       0.313841703304630     
  -2.28800000000000       0.315003530212689     
  -2.27200000000000       0.316178844620739     
  -2.25600000000000       0.317368119487415     
  -2.24000000000000       0.318571838174808     
  -2.22400000000000       0.319790496051345     
  -2.20800000000000       0.321024602078449     
  -2.19200000000000       0.322274680398216     
  -2.17600000000000       0.323541271938234     
  -2.16000000000000       0.324824936046454     
  -2.14400000000000       0.326126252173299     
  -2.12800000000000       0.327445821611318     
  -2.11200000000000       0.328784269306975     
  -2.09600000000000       0.330142245760600     
  -2.08000000000000       0.331520429026363     
  -2.06400000000000       0.332919526827939     
  -2.04800000000000       0.334340278805552     
  -2.03200000000000       0.335783458913429     
  -2.01600000000000       0.337249877980573     
  -2.00000000000000       0.338740386461565     
  -1.98400000000000       0.340255877392541     
  -1.96800000000000       0.341797289580918     
  -1.95200000000000       0.343365611051747     
  -1.93600000000000       0.344961882782557     
  -1.92000000000000       0.346587202756386     
  -1.90400000000000       0.348242730370697     
  -1.88800000000000       0.349929691244513     
  -1.87200000000000       0.351649382465291     
  -1.85600000000000       0.353403178331571     
  -1.84000000000000       0.355192536647376     
  -1.82400000000000       0.357019005634561     
  -1.80800000000000       0.358884231540382     
  -1.79200000000000       0.360789967024306     
  -1.77600000000000       0.362738080424187     
  -1.76000000000000       0.364730566012767     
  -1.74400000000000       0.366769555376653     
  -1.72800000000000       0.368857330067495     
  -1.71200000000000       0.370996335694562     
  -1.69600000000000       0.373189197667971     
  -1.68000000000000       0.375438738818994     
  -1.66400000000000       0.377747999176807     
  -1.64800000000000       0.380120258220943     
  -1.63200000000000       0.382559059987208     
  -1.61600000000000       0.385068241474729     
  -1.60000000000000       0.387651964883052     
  -1.58400000000000       0.390314754310738     
  -1.56800000000000       0.393061537669210     
  -1.55200000000000       0.395897694720061     
  -1.53600000000000       0.398829112329203     
  -1.52000000000000       0.401862248269069     
  -1.50400000000000       0.405004205189134     
  -1.48800000000000       0.408262816746908     
  -1.47200000000000       0.411646748357765     
  -1.45600000000000       0.415165615619605     
  -1.44000000000000       0.418830124233820     
  -1.42400000000000       0.422652236245794     
  -1.40800000000000       0.426645368727054     
  -1.39200000000000       0.430824632741567     
  -1.37600000000000       0.435207122741840     
  -1.36000000000000       0.439812269624976     
  -1.34400000000000       0.444662274907138     
  -1.32800000000000       0.449782649298766     
  -1.31200000000000       0.455202887115240     
  -1.29600000000000       0.460957319542090     
  -1.28000000000000       0.467086206481618     
  -1.26400000000000       0.473637151253704     
  -1.24800000000000       0.480666959173303     
  -1.23200000000000       0.488244117254695     
  -1.21600000000000       0.496452160376421     
  -1.20000000000000       0.505394331002218     
  -1.18400000000000       0.515200174635318     
  -1.16800000000000       0.526035116624427     
  -1.15200000000000       0.538114785996694     
  -1.13600000000000       0.551727196749611     
  -1.12000000000000       0.567268545321239     
  -1.10400000000000       0.585303936037185     
  -1.08800000000000       0.606676898578013     
  -1.07200000000000       0.632722627081761     
  -1.05600000000000       0.665725562325735     
  -1.04000000000000       0.710027667682780     
  -1.02400000000000       0.775018182645340     
  -1.00800000000000       0.876848457714662     
 -0.991999999999997       0.870022069317916     
 -0.975999999999997       0.756312607782632     
 -0.959999999999997       0.680930103422723     
 -0.943999999999997       0.627156265186515     
 -0.927999999999997       0.585346185233835     
 -0.911999999999997       0.551011158139322     
 -0.895999999999997       0.521771282790480     
 -0.879999999999997       0.496224209984382     
 -0.863999999999997       0.473476536153225     
 -0.847999999999997       0.452924609977688     
 -0.831999999999997       0.434141516336156     
 -0.815999999999997       0.416814160334674     
 -0.799999999999997       0.400706028226786     
 -0.783999999999997       0.385634018459728     
 -0.767999999999997       0.371453418373131     
 -0.751999999999997       0.358047818041767     
 -0.735999999999997       0.345322135026775     
 -0.719999999999997       0.333197665616290     
 -0.703999999999997       0.321608494751592     
 -0.687999999999997       0.310498840141222     
 -0.671999999999997       0.299821053128482     
 -0.655999999999997       0.289534090481523     
 -0.639999999999997       0.279602329866954     
 -0.623999999999997       0.269994640174291     
 -0.607999999999997       0.260683643549755     
 -0.591999999999997       0.251645123549954     
 -0.575999999999997       0.242857546004440     
 -0.559999999999997       0.234301667781131     
 -0.543999999999997       0.225960214809944     
 -0.527999999999997       0.217817615193906     
 -0.511999999999997       0.209859776529268     
 -0.495999999999997       0.202073899006558     
 -0.479999999999997       0.194448317705907     
 -0.463999999999997       0.186972368903966     
 -0.447999999999997       0.179636276290535     
 -0.431999999999997       0.172431053830136     
 -0.415999999999997       0.165348422667956     
 -0.399999999999997       0.158380740006565     
 -0.383999999999997       0.151520938313632     
 -0.367999999999997       0.144762473580176     
 -0.351999999999997       0.138099281662764     
 -0.335999999999997       0.131525742028231     
 -0.319999999999997       0.125036648497718     
 -0.303999999999997       0.118627186878706     
 -0.287999999999997       0.112292919711360     
 -0.271999999999997       0.106029778770588     
 -0.255999999999997       9.983406653195191E-002
 -0.239999999999997       9.370246860233292E-002
 -0.223999999999997       8.763208031351453E-002
 -0.207999999999997       8.162045253216034E-002
 -0.191999999999997       7.566566475005383E-002
 -0.175999999999997       6.976643858105976E-002
 -0.159999999999997       6.392231366889817E-002
 -0.143999999999997       5.813392430650464E-002
 -0.127999999999997       5.240344659742000E-002
 -0.111999999999997       4.673535092455080E-002
 -9.599999999999656E-002  4.113773869910325E-002
 -7.999999999999656E-002  3.562489414290702E-002
 -6.399999999999656E-002  3.022264978627274E-002
 -4.799999999999656E-002  2.498129325461319E-002
 -3.199999999999656E-002  2.001344942128129E-002
 -1.599999999999656E-002  1.564714062419064E-002
  3.441691376337985E-015  1.334147174923568E-002
  1.600000000000344E-002  1.564714062419227E-002
  3.200000000000344E-002  2.001344942128322E-002
  4.800000000000344E-002  2.498129325461540E-002
  6.400000000000344E-002  3.022264978627483E-002
  8.000000000000344E-002  3.562489414290960E-002
  9.600000000000344E-002  4.113773869910556E-002
  0.112000000000003       4.673535092455382E-002
  0.128000000000003       5.240344659742239E-002
  0.144000000000003       5.813392430650702E-002
  0.160000000000003       6.392231366890004E-002
  0.176000000000003       6.976643858106242E-002
  0.192000000000004       7.566566475005608E-002
  0.208000000000004       8.162045253216357E-002
  0.224000000000004       8.763208031351644E-002
  0.240000000000004       9.370246860233555E-002
  0.256000000000004       9.983406653195571E-002
  0.272000000000004       0.106029778770590     
  0.288000000000004       0.112292919711361     
  0.304000000000004       0.118627186878710     
  0.320000000000004       0.125036648497720     
  0.336000000000004       0.131525742028234     
  0.352000000000004       0.138099281662766     
  0.368000000000004       0.144762473580177     
  0.384000000000004       0.151520938313637     
  0.400000000000004       0.158380740006568     
  0.416000000000004       0.165348422667959     
  0.432000000000004       0.172431053830139     
  0.448000000000004       0.179636276290538     
  0.464000000000004       0.186972368903969     
  0.480000000000004       0.194448317705910     
  0.496000000000004       0.202073899006560     
  0.512000000000004       0.209859776529271     
  0.528000000000004       0.217817615193911     
  0.544000000000004       0.225960214809947     
  0.560000000000004       0.234301667781136     
  0.576000000000004       0.242857546004443     
  0.592000000000004       0.251645123549958     
  0.608000000000004       0.260683643549761     
  0.624000000000004       0.269994640174295     
  0.640000000000004       0.279602329866960     
  0.656000000000004       0.289534090481530     
  0.672000000000004       0.299821053128486     
  0.688000000000004       0.310498840141228     
  0.704000000000004       0.321608494751594     
  0.720000000000004       0.333197665616294     
  0.736000000000004       0.345322135026778     
  0.752000000000004       0.358047818041775     
  0.768000000000004       0.371453418373134     
  0.784000000000004       0.385634018459737     
  0.800000000000004       0.400706028226793     
  0.816000000000004       0.416814160334683     
  0.832000000000004       0.434141516336164     
  0.848000000000004       0.452924609977697     
  0.864000000000004       0.473476536153236     
  0.880000000000004       0.496224209984395     
  0.896000000000004       0.521771282790490     
  0.912000000000004       0.551011158139339     
  0.928000000000004       0.585346185233854     
  0.944000000000004       0.627156265186540     
  0.960000000000004       0.680930103422749     
  0.976000000000004       0.756312607782675     
  0.992000000000004       0.870022069317963     
   1.00800000000000       0.876848457714624     
   1.02400000000000       0.775018182645307     
   1.04000000000000       0.710027667682751     
   1.05600000000000       0.665725562325726     
   1.07200000000000       0.632722627081759     
   1.08800000000000       0.606676898578001     
   1.10400000000000       0.585303936037177     
   1.12000000000000       0.567268545321231     
   1.13600000000000       0.551727196749608     
   1.15200000000000       0.538114785996686     
   1.16800000000000       0.526035116624421     
   1.18400000000000       0.515200174635315     
   1.20000000000000       0.505394331002213     
   1.21600000000000       0.496452160376411     
   1.23200000000000       0.488244117254692     
   1.24800000000000       0.480666959173302     
   1.26400000000000       0.473637151253701     
   1.28000000000000       0.467086206481615     
   1.29600000000000       0.460957319542088     
   1.31200000000000       0.455202887115236     
   1.32800000000000       0.449782649298764     
   1.34400000000000       0.444662274907138     
   1.36000000000000       0.439812269624971     
   1.37600000000000       0.435207122741841     
   1.39200000000000       0.430824632741566     
   1.40800000000000       0.426645368727054     
   1.42400000000000       0.422652236245792     
   1.44000000000000       0.418830124233819     
   1.45600000000000       0.415165615619600     
   1.47200000000000       0.411646748357763     
   1.48800000000000       0.408262816746908     
   1.50400000000000       0.405004205189130     
   1.52000000000000       0.401862248269064     
   1.53600000000000       0.398829112329203     
   1.55200000000000       0.395897694720057     
   1.56800000000000       0.393061537669207     
   1.58400000000000       0.390314754310739     
   1.60000000000000       0.387651964883049     
   1.61600000000000       0.385068241474729     
   1.63200000000000       0.382559059987207     
   1.64800000000000       0.380120258220941     
   1.66400000000000       0.377747999176808     
   1.68000000000000       0.375438738818992     
   1.69600000000000       0.373189197667971     
   1.71200000000000       0.370996335694564     
   1.72800000000000       0.368857330067496     
   1.74400000000000       0.366769555376652     
   1.76000000000000       0.364730566012768     
   1.77600000000000       0.362738080424183     
   1.79200000000000       0.360789967024305     
   1.80800000000000       0.358884231540379     
   1.82400000000000       0.357019005634560     
   1.84000000000000       0.355192536647372     
   1.85600000000000       0.353403178331575     
   1.87200000000000       0.351649382465289     
   1.88800000000001       0.349929691244510     
   1.90400000000001       0.348242730370700     
   1.92000000000001       0.346587202756384     
   1.93600000000001       0.344961882782558     
   1.95200000000001       0.343365611051749     
   1.96800000000001       0.341797289580918     
   1.98400000000001       0.340255877392537     
   2.00000000000000       0.338740386461562     
   2.01600000000000       0.337249877980569     
   2.03200000000000       0.335783458913427     
   2.04800000000000       0.334340278805554     
   2.06400000000000       0.332919526827937     
   2.08000000000000       0.331520429026360     
   2.09600000000000       0.330142245760600     
   2.11200000000000       0.328784269306977     
   2.12800000000000       0.327445821611318     
   2.14400000000001       0.326126252173302     
   2.16000000000001       0.324824936046450     
   2.17600000000001       0.323541271938233     
   2.19200000000001       0.322274680398214     
   2.20800000000001       0.321024602078448     
   2.22400000000001       0.319790496051343     
   2.24000000000001       0.318571838174810     
   2.25600000000001       0.317368119487416     
   2.27200000000001       0.316178844620740     
   2.28800000000001       0.315003530212690     
   2.30400000000001       0.313841703304627     
   2.32000000000001       0.312692899706945     
   2.33600000000001       0.311556662308051     
   2.35200000000001       0.310432539307322     
   2.36800000000001       0.309320082343508     
   2.38400000000001       0.308218844488015     
   2.40000000000001       0.307128378065691     
   2.41600000000001       0.306048232259330     
   2.43200000000001       0.304977950445325     
   2.44800000000001       0.303917067195151     
   2.46400000000001       0.302865104863553     
   2.48000000000001       0.301821569665930     
   2.49600000000001       0.300785947122569     
   2.51200000000001       0.299757696715474     
   2.52800000000001       0.298736245562488     
   2.54400000000001       0.297720980862001     
   2.56000000000001       0.296711240783467     
   2.57600000000001       0.295706303388417     
   2.59200000000001       0.294705373033766     
   2.60800000000001       0.293707563527625     
   2.62400000000001       0.292711877066327     
   2.64000000000001       0.291717177628090     
   2.65600000000001       0.290722157015648     
   2.67200000000001       0.289725291021992     
   2.68800000000001       0.288724782174317     
   2.70400000000001       0.287718483962185     
   2.72000000000001       0.286703799142453     
   2.73600000000001       0.285677541118787     
   2.75200000000001       0.284635741728821     
   2.76800000000001       0.283573379594033     
   2.78400000000001       0.282483987919686     
   2.80000000000001       0.281359074412942     
   2.81600000000001       0.280187239370391     
   2.83200000000001       0.278952791676886     
   2.84800000000001       0.277633495084657     
   2.86400000000001       0.276196734434370     
   2.88000000000001       0.274592643164668     
   2.89600000000001       0.272740967541403     
   2.91200000000001       0.270503857289132     
   2.92800000000001       0.267623328408304     
   2.94400000000001       0.263555918065763     
   2.96000000000001       0.256938976438490     
   2.97600000000001       0.243252253723405     
   2.99200000000001       0.198885821433373     
   3.00800000000001       7.969114583340212E-002
   3.02400000000001       3.529508334266906E-002
   3.04000000000001       2.201208015333551E-002
   3.05600000000001       1.594780247536514E-002
   3.07200000000001       1.250226651471465E-002
   3.08800000000001       1.028423841265112E-002
   3.10400000000001       8.737315185666119E-003
   3.12000000000001       7.596709454490163E-003
   3.13600000000001       6.720617371784273E-003
   3.15200000000001       6.026321737477216E-003
   3.16800000000001       5.462343082505755E-003
   3.18400000000001       4.994972789074170E-003
   3.20000000000001       4.601215964080664E-003
   3.21600000000001       4.264848433629473E-003
   3.23200000000001       3.974095221506733E-003
   3.24800000000001       3.720202755008448E-003
   3.26400000000001       3.496527705341533E-003
   3.28000000000001       3.297936814717733E-003
   3.29600000000001       3.120400558593351E-003
   3.31200000000001       2.960711342800977E-003
   3.32800000000001       2.816283871090960E-003
   3.34400000000001       2.685011024043224E-003
   3.36000000000001       2.565158036604208E-003
   3.37600000000001       2.455283602377980E-003
   3.39200000000001       2.354180234771743E-003
   3.40800000000001       2.260828614427183E-003
   3.42400000000001       2.174362239088267E-003
   3.44000000000001       2.094039760858339E-003
   3.45600000000001       2.019223127972615E-003
   3.47200000000001       1.949360157518549E-003
   3.48800000000001       1.883970524967263E-003
   3.50400000000001       1.822634413272563E-003
   3.52000000000001       1.764983250286821E-003
   3.53600000000001       1.710692099317228E-003
   3.55200000000001       1.659473368329613E-003
   3.56800000000001       1.611071578502269E-003
   3.58400000000001       1.565258989545833E-003
   3.60000000000001       1.521831922306146E-003
   3.61600000000001       1.480607652240950E-003
   3.63200000000001       1.441421772893926E-003
   3.64800000000001       1.404125948378291E-003
   3.66400000000001       1.368585989449660E-003
   3.68000000000001       1.334680200032670E-003
   3.69600000000001       1.302297950817592E-003
   3.71200000000001       1.271338444325325E-003
   3.72800000000001       1.241709642072739E-003
   3.74400000000001       1.213327329521892E-003
   3.76000000000001       1.186114298575748E-003
   3.77600000000001       1.159999630713700E-003
   3.79200000000001       1.134918066579766E-003
   3.80800000000001       1.110809450092983E-003
   3.82400000000001       1.087618236978732E-003
   3.84000000000001       1.065293059165798E-003
   3.85600000000001       1.043786337773006E-003
   3.87200000000001       1.023053938456874E-003
   3.88800000000001       1.003054863815190E-003
   3.90400000000001       9.837509782564529E-004
   3.92000000000001       9.651067614125317E-004
   3.93600000000001       9.470890866867261E-004
   3.95200000000001       9.296670219951822E-004
   3.96800000000001       9.128116501435584E-004
   3.98400000000001       8.964959066161602E-004
