# Temp,hmesh,Mz
0.01 1e-08 2.42044839727e-09
0.01 0.0157894831579 0.00387756693471
0.01 0.0315789563158 0.00784648424497
0.01 0.0473684294737 0.0117838319986
0.01 0.0631579026316 0.0156283945594
0.01 0.0789473757895 0.0195542719464
0.01 0.0947368489474 0.0235384905278
0.01 0.110526322105 0.0274258310998
0.01 0.126315795263 0.0312649521206
0.01 0.142105268421 0.0352474738136
0.01 0.157894741579 0.0392184045237
0.01 0.173684214737 0.0430476349922
0.01 0.189473687895 0.0469263574183
0.01 0.205263161053 0.0509525950892
0.01 0.221052634211 0.0548605002718
0.01 0.236842107368 0.0586709132048
0.01 0.252631580526 0.0626316292855
0.01 0.268421053684 0.0666347608762
0.01 0.284210526842 0.0704576681882
0.01 0.3 0.0743405497244
0.0357894736842 1e-08 2.48035869621e-09
0.0357894736842 0.0157894831579 0.00391666375091
0.0357894736842 0.0315789563158 0.00783345948126
0.0357894736842 0.0473684294737 0.0117501377923
0.0357894736842 0.0631579026316 0.0156667794666
0.0357894736842 0.0789473757895 0.0195834478266
0.0357894736842 0.0947368489474 0.0235001973151
0.0357894736842 0.110526322105 0.0274167603406
0.0357894736842 0.126315795263 0.0313333494518
0.0357894736842 0.142105268421 0.0352499735313
0.0357894736842 0.157894741579 0.0391666268536
0.0357894736842 0.173684214737 0.0430830255778
0.0357894736842 0.189473687895 0.0469995528959
0.0357894736842 0.205263161053 0.050916030908
0.0357894736842 0.221052634211 0.0548325029404
0.0357894736842 0.236842107368 0.0587487947754
0.0357894736842 0.252631580526 0.0626651763141
0.0357894736842 0.268421053684 0.0665815031801
0.0357894736842 0.284210526842 0.0704977193796
0.0357894736842 0.3 0.0744139180214
0.0615789473684 1e-08 2.48169307326e-09
0.0615789473684 0.0157894831579 0.00391885971511
0.0615789473684 0.0315789563158 0.00783768384509
0.0615789473684 0.0473684294737 0.0117564919566
0.0615789473684 0.0631579026316 0.0156753391103
0.0615789473684 0.0789473757895 0.0195941335792
0.0615789473684 0.0947368489474 0.023512941971
0.0615789473684 0.110526322105 0.0274317569258
0.0615789473684 0.126315795263 0.0313504634645
0.0615789473684 0.142105268421 0.0352692285014
0.0615789473684 0.157894741579 0.0391879831105
0.0615789473684 0.173684214737 0.0431067034253
0.0615789473684 0.189473687895 0.0470252922978
0.0615789473684 0.205263161053 0.0509440325408
0.0615789473684 0.221052634211 0.0548626405495
0.0615789473684 0.236842107368 0.0587812626383
0.0615789473684 0.252631580526 0.0626998331935
0.0615789473684 0.268421053684 0.0666183604914
0.0615789473684 0.284210526842 0.070536831433
0.0615789473684 0.3 0.0744552607646
0.0873684210526 1e-08 2.48380160883e-09
0.0873684210526 0.0157894831579 0.00392220167758
0.0873684210526 0.0315789563158 0.00784434610333
0.0873684210526 0.0473684294737 0.0117665423764
0.0873684210526 0.0631579026316 0.0156887247015
0.0873684210526 0.0789473757895 0.0196108965198
0.0873684210526 0.0947368489474 0.0235330628327
0.0873684210526 0.110526322105 0.0274551824502
0.0873684210526 0.126315795263 0.0313773464216
0.0873684210526 0.142105268421 0.0352995137159
0.0873684210526 0.157894741579 0.0392216394227
0.0873684210526 0.173684214737 0.0431437021464
0.0873684210526 0.189473687895 0.0470658322939
0.0873684210526 0.205263161053 0.0509879647116
0.0873684210526 0.221052634211 0.0549100479851
0.0873684210526 0.236842107368 0.0588320876467
0.0873684210526 0.252631580526 0.0627541916743
0.0873684210526 0.268421053684 0.0666762268886
0.0873684210526 0.284210526842 0.070598260854
0.0873684210526 0.3 0.0745203325569
0.113157894737 1e-08 2.48674936199e-09
0.113157894737 0.0157894831579 0.00392688702657
0.113157894737 0.0315789563158 0.00785373803183
0.113157894737 0.0473684294737 0.0117805761007
0.113157894737 0.0631579026316 0.0157074997106
0.113157894737 0.0789473757895 0.0196344111264
0.113157894737 0.0947368489474 0.0235612340555
0.113157894737 0.110526322105 0.0274880904626
0.113157894737 0.126315795263 0.0314150461949
0.113157894737 0.142105268421 0.0353419929748
0.113157894737 0.157894741579 0.0392688237385
0.113157894737 0.173684214737 0.0431957632187
0.113157894737 0.189473687895 0.0471227378944
0.113157894737 0.205263161053 0.0510497372906
0.113157894737 0.221052634211 0.0549766930865
0.113157894737 0.236842107368 0.0589037010779
0.113157894737 0.252631580526 0.0628307180093
0.113157894737 0.268421053684 0.06675785992
0.113157894737 0.284210526842 0.0706849839931
0.113157894737 0.3 0.0746121105638
0.138947368421 1e-08 2.49069542768e-09
0.138947368421 0.0157894831579 0.00393325501814
0.138947368421 0.0315789563158 0.0078664256405
0.138947368421 0.0473684294737 0.0117995417115
0.138947368421 0.0631579026316 0.0157328696755
0.138947368421 0.0789473757895 0.019666235759
0.138947368421 0.0947368489474 0.0235995093245
0.138947368421 0.110526322105 0.027532850645
0.138947368421 0.126315795263 0.0314663533765
0.138947368421 0.142105268421 0.0353997086805
0.138947368421 0.157894741579 0.0393330948548
0.138947368421 0.173684214737 0.0432665660798
0.138947368421 0.189473687895 0.0472001737428
0.138947368421 0.205263161053 0.0511337857226
0.138947368421 0.221052634211 0.0550673765419
0.138947368421 0.236842107368 0.0590011281696
0.138947368421 0.252631580526 0.0629350672136
0.138947368421 0.268421053684 0.0668688835088
0.138947368421 0.284210526842 0.070802869581
0.138947368421 0.3 0.0747369838264
0.164736842105 1e-08 2.49599896307e-09
0.164736842105 0.0157894831579 0.00394147710867
0.164736842105 0.0315789563158 0.00788298848758
0.164736842105 0.0473684294737 0.0118244861428
0.164736842105 0.0631579026316 0.0157660300169
0.164736842105 0.0789473757895 0.0197076512552
0.164736842105 0.0947368489474 0.0236493084936
0.164736842105 0.110526322105 0.0275909587855
0.164736842105 0.126315795263 0.0315326303089
0.164736842105 0.142105268421 0.0354746199696
0.164736842105 0.157894741579 0.0394165634292
0.164736842105 0.173684214737 0.0433585180847
0.164736842105 0.189473687895 0.0473007782233
0.164736842105 0.205263161053 0.0512430243355
0.164736842105 0.221052634211 0.0551852127627
0.164736842105 0.236842107368 0.0591276653318
0.164736842105 0.252631580526 0.0630703106224
0.164736842105 0.268421053684 0.0670130293977
0.164736842105 0.284210526842 0.0709558550193
0.164736842105 0.3 0.0748988809847
0.190526315789 1e-08 2.50253651135e-09
0.190526315789 0.0157894831579 0.00395176474506
0.190526315789 0.0315789563158 0.00790356476628
0.190526315789 0.0473684294737 0.0118553835652
0.190526315789 0.0631579026316 0.0158072304674
0.190526315789 0.0789473757895 0.0197591089997
0.190526315789 0.0947368489474 0.0237110681009
0.190526315789 0.110526322105 0.0276631493398
0.190526315789 0.126315795263 0.0316152419659
0.190526315789 0.142105268421 0.0355675102441
0.190526315789 0.157894741579 0.0395198214624
0.190526315789 0.173684214737 0.0434723252353
0.190526315789 0.189473687895 0.0474249533992
0.190526315789 0.205263161053 0.051377733939
0.190526315789 0.221052634211 0.0553306983551
0.190526315789 0.236842107368 0.059283819188
0.190526315789 0.252631580526 0.0632371249277
0.190526315789 0.268421053684 0.0671907343523
0.190526315789 0.284210526842 0.0711444881664
0.190526315789 0.3 0.0750984851259
0.216315789474 1e-08 2.51034870669e-09
0.216315789474 0.0157894831579 0.00396405353919
0.216315789474 0.0315789563158 0.00792809879628
0.216315789474 0.0473684294737 0.011892236823
0.216315789474 0.0631579026316 0.0158563698029
0.216315789474 0.0789473757895 0.0198205217467
0.216315789474 0.0947368489474 0.0237848159179
0.216315789474 0.110526322105 0.0277492126138
0.216315789474 0.126315795263 0.0317136527418
0.216315789474 0.142105268421 0.0356782151824
0.216315789474 0.157894741579 0.0396429120219
0.216315789474 0.173684214737 0.0436077939678
0.216315789474 0.189473687895 0.0475727525397
0.216315789474 0.205263161053 0.0515379506146
0.216315789474 0.221052634211 0.0555033318952
0.216315789474 0.236842107368 0.0594688824375
0.216315789474 0.252631580526 0.0634346569823
0.216315789474 0.268421053684 0.0674006950931
0.216315789474 0.284210526842 0.0713668976115
0.216315789474 0.3 0.0753334048649
0.242105263158 1e-08 2.51916143501e-09
0.242105263158 0.0157894831579 0.00397793285874
0.242105263158 0.0315789563158 0.00795589899184
0.242105263158 0.0473684294737 0.0119339321239
0.242105263158 0.0631579026316 0.0159119737363
0.242105263158 0.0789473757895 0.019889996623
0.242105263158 0.0947368489474 0.0238681438272
0.242105263158 0.110526322105 0.0278463115197
0.242105263158 0.126315795263 0.031824566605
0.242105263158 0.142105268421 0.0358028591232
0.242105263158 0.157894741579 0.0397813234465
0.242105263158 0.173684214737 0.0437599454905
0.242105263158 0.189473687895 0.0477386040641
0.242105263158 0.205263161053 0.0517174601348
0.242105263158 0.221052634211 0.0556964774584
0.242105263158 0.236842107368 0.0596756434925
0.242105263158 0.252631580526 0.0636549733572
0.242105263158 0.268421053684 0.0676344959381
0.242105263158 0.284210526842 0.0716142227301
0.242105263158 0.3 0.0755941638068
0.267894736842 1e-08 2.52856624527e-09
0.267894736842 0.0157894831579 0.00399262544399
0.267894736842 0.0315789563158 0.00798534276029
0.267894736842 0.0473684294737 0.0119780706011
0.267894736842 0.0631579026316 0.0159707476412
0.267894736842 0.0789473757895 0.019963463808
0.267894736842 0.0947368489474 0.0239563028648
0.267894736842 0.110526322105 0.0279491359541
0.267894736842 0.126315795263 0.0319419365911
0.267894736842 0.142105268421 0.0359348578437
0.267894736842 0.157894741579 0.0399279082647
0.267894736842 0.173684214737 0.0439209862223
0.267894736842 0.189473687895 0.047914099323
0.267894736842 0.205263161053 0.0519073831601
0.267894736842 0.221052634211 0.0559007329076
0.267894736842 0.236842107368 0.0598941747949
0.267894736842 0.252631580526 0.0638876153672
0.267894736842 0.268421053684 0.0678812351206
0.267894736842 0.284210526842 0.0718749292106
0.267894736842 0.3 0.0758686907432
0.293684210526 1e-08 2.53812093565e-09
0.293684210526 0.0157894831579 0.00400770150775
0.293684210526 0.0315789563158 0.00801546541358
0.293684210526 0.0473684294737 0.0120231865285
0.293684210526 0.0631579026316 0.0160308787949
0.293684210526 0.0789473757895 0.0200385751422
0.293684210526 0.0947368489474 0.0240463086957
0.293684210526 0.110526322105 0.0280540199472
0.293684210526 0.126315795263 0.0320616815237
0.293684210526 0.142105268421 0.0360693378762
0.293684210526 0.157894741579 0.0400770238183
0.293684210526 0.173684214737 0.0440846620748
0.293684210526 0.189473687895 0.0480922486927
0.293684210526 0.205263161053 0.052099818052
0.293684210526 0.221052634211 0.0561074069912
0.293684210526 0.236842107368 0.0601149214133
0.293684210526 0.252631580526 0.0641223231579
0.293684210526 0.268421053684 0.068129754375
0.293684210526 0.284210526842 0.0721370853985
0.293684210526 0.3 0.076144324962
0.319473684211 1e-08 2.54736365335e-09
0.319473684211 0.0157894831579 0.00402233186244
0.319473684211 0.0315789563158 0.00804463141301
0.319473684211 0.0473684294737 0.0120669243588
0.319473684211 0.0631579026316 0.016089197327
0.319473684211 0.0789473757895 0.0201113646438
0.319473684211 0.0947368489474 0.0241334974898
0.319473684211 0.110526322105 0.0281555525244
0.319473684211 0.126315795263 0.0321775450606
0.319473684211 0.142105268421 0.0361993760261
0.319473684211 0.157894741579 0.040221125269
0.319473684211 0.173684214737 0.0442427802355
0.319473684211 0.189473687895 0.0482642395853
0.319473684211 0.205263161053 0.0522854680622
0.319473684211 0.221052634211 0.0563065767969
0.319473684211 0.236842107368 0.0603275262306
0.319473684211 0.252631580526 0.0643481830319
0.319473684211 0.268421053684 0.0683685812264
0.319473684211 0.284210526842 0.0723887843073
0.319473684211 0.3 0.0764086708075
0.345263157895 1e-08 2.5559271366e-09
0.345263157895 0.0157894831579 0.00403579700526
0.345263157895 0.0315789563158 0.00807163034045
0.345263157895 0.0473684294737 0.0121073983738
0.345263157895 0.0631579026316 0.0161430474021
0.345263157895 0.0789473757895 0.020178587536
0.345263157895 0.0947368489474 0.0242140670249
0.345263157895 0.110526322105 0.0282493529464
0.345263157895 0.126315795263 0.0322844086038
0.345263157895 0.142105268421 0.0363192980161
0.345263157895 0.157894741579 0.0403539612079
0.345263157895 0.173684214737 0.0443883329883
0.345263157895 0.189473687895 0.0484224121828
0.345263157895 0.205263161053 0.0524561824472
0.345263157895 0.221052634211 0.0564895376419
0.345263157895 0.236842107368 0.0605225406802
0.345263157895 0.252631580526 0.0645551189055
0.345263157895 0.268421053684 0.0685872290077
0.345263157895 0.284210526842 0.0726188439833
0.345263157895 0.3 0.076649952498
0.371052631579 1e-08 2.56344367955e-09
0.371052631579 0.0157894831579 0.00404768689293
0.371052631579 0.0315789563158 0.00809532684046
0.371052631579 0.0473684294737 0.0121428771447
0.371052631579 0.0631579026316 0.0161903332453
0.371052631579 0.0789473757895 0.0202376081287
0.371052631579 0.0947368489474 0.024284680987
0.371052631579 0.110526322105 0.0283315472869
0.371052631579 0.126315795263 0.0323780904956
0.371052631579 0.142105268421 0.0364242673003
0.371052631579 0.157894741579 0.0404701278307
0.371052631579 0.173684214737 0.0445155947906
0.371052631579 0.189473687895 0.0485605573636
0.371052631579 0.205263161053 0.0526050049564
0.371052631579 0.221052634211 0.0566489500422
0.371052631579 0.236842107368 0.0606922926202
0.371052631579 0.252631580526 0.0647349193113
0.371052631579 0.268421053684 0.0687769713422
0.371052631579 0.284210526842 0.0728182190839
0.371052631579 0.3 0.0768586746976
0.396842105263 1e-08 2.56964660661e-09
0.396842105263 0.0157894831579 0.00405746774168
0.396842105263 0.0315789563158 0.00811489637839
0.396842105263 0.0473684294737 0.0121722100706
0.396842105263 0.0631579026316 0.0162293557478
0.396842105263 0.0789473757895 0.0202862382226
0.396842105263 0.0947368489474 0.0243428794644
0.396842105263 0.110526322105 0.0283991951245
0.396842105263 0.126315795263 0.0324551278325
0.396842105263 0.142105268421 0.0365105607699
0.396842105263 0.157894741579 0.0405655649641
0.396842105263 0.173684214737 0.0446199273129
0.396842105263 0.189473687895 0.048673679009
0.396842105263 0.205263161053 0.0527267648528
0.396842105263 0.221052634211 0.0567791422355
0.396842105263 0.236842107368 0.0608306433997
0.396842105263 0.252631580526 0.0648813143771
0.396842105263 0.268421053684 0.0689310646607
0.396842105263 0.284210526842 0.0729797862208
0.396842105263 0.3 0.0770274782538
0.422631578947 1e-08 2.57433618867e-09
0.422631578947 0.0157894831579 0.00406489774757
0.422631578947 0.0315789563158 0.00812967274854
0.422631578947 0.0473684294737 0.012194343387
0.422631578947 0.0631579026316 0.0162587739681
0.422631578947 0.0789473757895 0.0203229485088
0.422631578947 0.0947368489474 0.0243867472851
0.422631578947 0.110526322105 0.0284501843529
0.422631578947 0.126315795263 0.0325130374046
0.422631578947 0.142105268421 0.0365753640598
0.422631578947 0.157894741579 0.0406370691069
0.422631578947 0.173684214737 0.0446979945039
0.422631578947 0.189473687895 0.0487582064922
0.422631578947 0.205263161053 0.0528174889389
0.422631578947 0.221052634211 0.0568758476842
0.422631578947 0.236842107368 0.0609332104541
0.422631578947 0.252631580526 0.0649894664898
0.422631578947 0.268421053684 0.06904455335
0.422631578947 0.284210526842 0.0730984059005
0.422631578947 0.3 0.07715092688
0.448421052632 1e-08 2.57739529719e-09
0.448421052632 0.0157894831579 0.00406970093476
0.448421052632 0.0315789563158 0.00813927271517
0.448421052632 0.0473684294737 0.0122086694475
0.448421052632 0.0631579026316 0.0162778506227
0.448421052632 0.0789473757895 0.0203466768481
0.448421052632 0.0947368489474 0.0244150567907
0.448421052632 0.110526322105 0.028482941128
0.448421052632 0.126315795263 0.0325502381133
0.448421052632 0.142105268421 0.0366167884354
0.448421052632 0.157894741579 0.0406826232587
0.448421052632 0.173684214737 0.0447476086597
0.448421052632 0.189473687895 0.0488115709756
0.448421052632 0.205263161053 0.0528745442262
0.448421052632 0.221052634211 0.0569363617087
0.448421052632 0.236842107368 0.0609970018738
0.448421052632 0.252631580526 0.0650563053745
0.448421052632 0.268421053684 0.0691141592845
0.448421052632 0.284210526842 0.0731706093659
0.448421052632 0.3 0.0772253826376
0.474210526316 1e-08 2.57868248976e-09
0.474210526316 0.0157894831579 0.00407173049809
0.474210526316 0.0315789563158 0.0081434187322
0.474210526316 0.0473684294737 0.0122148666151
0.474210526316 0.0631579026316 0.0162860295603
0.474210526316 0.0789473757895 0.0203567716804
0.474210526316 0.0947368489474 0.0244270434818
0.474210526316 0.110526322105 0.0284967206575
0.474210526316 0.126315795263 0.0325656572395
0.474210526316 0.142105268421 0.03663385606
0.474210526316 0.157894741579 0.040701119304
0.474210526316 0.173684214737 0.044767355593
0.474210526316 0.189473687895 0.0488325319518
0.474210526316 0.205263161053 0.052896487844
0.474210526316 0.221052634211 0.0569590908831
0.474210526316 0.236842107368 0.0610203297939
0.474210526316 0.252631580526 0.0650800208215
0.474210526316 0.268421053684 0.0691380819403
0.474210526316 0.284210526842 0.0731944164704
0.474210526316 0.3 0.0772489245687
0.5 1e-08 2.57827381667e-09
0.5 0.0157894831579 0.00407108415767
0.5 0.0315789563158 0.00814203097144
0.5 0.0473684294737 0.01221273375
0.5 0.0631579026316 0.0162831298181
0.5 0.0789473757895 0.020353057834
0.5 0.0947368489474 0.0244224527215
0.5 0.110526322105 0.0284911054094
0.5 0.126315795263 0.0325590274756
0.5 0.142105268421 0.0366260205506
0.5 0.157894741579 0.0406919983002
0.5 0.173684214737 0.0447568465094
0.5 0.189473687895 0.048820467063
0.5 0.205263161053 0.0528826701396
0.5 0.221052634211 0.0569434159268
0.5 0.236842107368 0.0610025690676
0.5 0.252631580526 0.0650599625892
0.5 0.268421053684 0.0691155834349
0.5 0.284210526842 0.0731692037133
0.5 0.3 0.0772207711891
