# Temp,hmesh,chiz
0.01 1e-08 0.242044839727
0.01 0.0157894831579 0.245579094089
0.01 0.0315789563158 0.251364771362
0.01 0.0473684294737 0.249365366042
0.01 0.0631579026316 0.243488970297
0.01 0.0789473757895 0.248638909467
0.01 0.0947368489474 0.252333851898
0.01 0.110526322105 0.246198244433
0.01 0.126315795263 0.243144339425
0.01 0.142105268421 0.252226382294
0.01 0.157894741579 0.251492286692
0.01 0.173684214737 0.242517937753
0.01 0.189473687895 0.245652428508
0.01 0.205263161053 0.254995060989
0.01 0.221052634211 0.247500669819
0.01 0.236842107368 0.241326160465
0.01 0.252631580526 0.250845360141
0.01 0.268421053684 0.253531675863
0.01 0.284210526842 0.242117471162
0.01 0.3 0.245915838826
0.0357894736842 1e-08 0.248035869621
0.0357894736842 0.0157894831579 0.24805522207
0.0357894736842 0.0315789563158 0.248063737858
0.0357894736842 0.0473684294737 0.2480563013
0.0357894736842 0.0631579026316 0.248053980975
0.0357894736842 0.0789473757895 0.248055671067
0.0357894736842 0.0947368489474 0.248060809211
0.0357894736842 0.110526322105 0.248048999882
0.0357894736842 0.126315795263 0.248050651976
0.0357894736842 0.142105268421 0.248052866641
0.0357894736842 0.157894741579 0.248054718678
0.0357894736842 0.173684214737 0.248038594134
0.0357894736842 0.189473687895 0.248046738414
0.0357894736842 0.205263161053 0.248043615705
0.0357894736842 0.221052634211 0.248043236981
0.0357894736842 0.236842107368 0.248031824488
0.0357894736842 0.252631580526 0.248037505721
0.0357894736842 0.268421053684 0.24803404311
0.0357894736842 0.284210526842 0.248027034235
0.0357894736842 0.3 0.248025922248
0.0615789473684 1e-08 0.248169307326
0.0615789473684 0.0157894831579 0.248194299723
0.0615789473684 0.0315789563158 0.248192203172
0.0615789473684 0.0473684294737 0.248191188667
0.0615789473684 0.0631579026316 0.248193661341
0.0615789473684 0.0789473757895 0.248190324636
0.0615789473684 0.0947368489474 0.248191206421
0.0615789473684 0.110526322105 0.248191622077
0.0615789473684 0.126315795263 0.248184755725
0.0615789473684 0.142105268421 0.248188460607
0.0615789473684 0.157894741579 0.248187800182
0.0615789473684 0.173684214737 0.248185628212
0.0615789473684 0.189473687895 0.248177303529
0.0615789473684 0.205263161053 0.248186890331
0.0615789473684 0.221052634211 0.248178515494
0.0615789473684 0.236842107368 0.248179407227
0.0615789473684 0.252631580526 0.248176143434
0.0615789473684 0.268421053684 0.248173403805
0.0615789473684 0.284210526842 0.248169834579
0.0615789473684 0.3 0.24816719927
0.0873684210526 1e-08 0.248380160883
0.0873684210526 0.0157894831579 0.248405957219
0.0873684210526 0.0315789563158 0.248402488577
0.0873684210526 0.0473684294737 0.248405772241
0.0873684210526 0.0631579026316 0.24840488887
0.0873684210526 0.0789473757895 0.24840422344
0.0873684210526 0.0947368489474 0.248403874764
0.0873684210526 0.110526322105 0.248400917392
0.0873684210526 0.126315795263 0.248403726466
0.0873684210526 0.142105268421 0.248403936919
0.0873684210526 0.157894741579 0.248401303047
0.0873684210526 0.173684214737 0.248397314108
0.0873684210526 0.189473687895 0.248401584289
0.0873684210526 0.205263161053 0.248401728067
0.0873684210526 0.221052634211 0.248398615606
0.0873684210526 0.236842107368 0.248395853514
0.0873684210526 0.252631580526 0.248399930027
0.0873684210526 0.268421053684 0.248395571855
0.0873684210526 0.284210526842 0.248395492753
0.0873684210526 0.3 0.248397882798
0.113157894737 1e-08 0.248674936199
0.113157894737 0.0157894831579 0.248702695812
0.113157894737 0.0315789563158 0.248700571956
0.113157894737 0.0473684294737 0.24869975265
0.113157894737 0.0631579026316 0.248705170252
0.113157894737 0.0789473757895 0.24870439796
0.113157894737 0.0947368489474 0.248698793798
0.113157894737 0.110526322105 0.248700914075
0.113157894737 0.126315795263 0.248707204668
0.113157894737 0.142105268421 0.24870663768
0.113157894737 0.157894741579 0.248699289995
0.113157894737 0.173684214737 0.248706175365
0.113157894737 0.189473687895 0.24870840442
0.113157894737 0.205263161053 0.248709970051
0.113157894737 0.221052634211 0.248707208697
0.113157894737 0.236842107368 0.248710514413
0.113157894737 0.252631580526 0.248711080611
0.113157894737 0.268421053684 0.24871899597
0.113157894737 0.284210526842 0.248717866252
0.113157894737 0.3 0.248718024432
0.138947368421 1e-08 0.249069542768
0.138947368421 0.0157894831579 0.249106001708
0.138947368421 0.0315789563158 0.249100814386
0.138947368421 0.0473684294737 0.249097359465
0.138947368421 0.0631579026316 0.249110779359
0.138947368421 0.0789473757895 0.249113193591
0.138947368421 0.0947368489474 0.249107334119
0.138947368421 0.110526322105 0.249111625269
0.138947368421 0.126315795263 0.249121847963
0.138947368421 0.142105268421 0.24911251089
0.138947368421 0.157894741579 0.249114466014
0.138947368421 0.173684214737 0.24911985255
0.138947368421 0.189473687895 0.249128493629
0.138947368421 0.205263161053 0.249128767024
0.138947368421 0.221052634211 0.249127426859
0.138947368421 0.236842107368 0.249137611391
0.138947368421 0.252631580526 0.249149481094
0.138947368421 0.268421053684 0.249141707004
0.138947368421 0.284210526842 0.24915245954
0.138947368421 0.3 0.249160577179
0.164736842105 1e-08 0.249599896307
0.164736842105 0.0157894831579 0.24962673379
0.164736842105 0.0315789563158 0.249629062318
0.164736842105 0.0473684294737 0.249628193154
0.164736842105 0.0631579026316 0.249631120346
0.164736842105 0.0789473757895 0.249636020079
0.164736842105 0.0947368489474 0.249638300086
0.164736842105 0.110526322105 0.24963786014
0.164736842105 0.126315795263 0.249639204806
0.164736842105 0.142105268421 0.249659353501
0.164736842105 0.157894741579 0.24965642743
0.164736842105 0.173684214737 0.249657136502
0.164736842105 0.189473687895 0.249676483769
0.164736842105 0.205263161053 0.249675595427
0.164736842105 0.221052634211 0.249671942048
0.164736842105 0.236842107368 0.249688671031
0.164736842105 0.252631580526 0.249700876727
0.164736842105 0.268421053684 0.249705530758
0.164736842105 0.284210526842 0.249712297693
0.164736842105 0.3 0.249724986137
0.190526315789 1e-08 0.250253651135
0.190526315789 0.0157894831579 0.250278283702
0.190526315789 0.0315789563158 0.250280676353
0.190526315789 0.0473684294737 0.250281865606
0.190526315789 0.0631579026316 0.250283645481
0.190526315789 0.0789473757895 0.250285648727
0.190526315789 0.0947368489474 0.250290751419
0.190526315789 0.110526322105 0.250298486807
0.190526315789 0.126315795263 0.250299207994
0.190526315789 0.142105268421 0.250310332632
0.190526315789 0.157894741579 0.250313052168
0.190526315789 0.173684214737 0.250325247297
0.190526315789 0.189473687895 0.250333125387
0.190526315789 0.205263161053 0.25034277587
0.190526315789 0.221052634211 0.250354421361
0.190526315789 0.236842107368 0.250364327763
0.190526315789 0.252631580526 0.250376038528
0.190526315789 0.268421053684 0.250395271904
0.190526315789 0.284210526842 0.250404416573
0.190526315789 0.3 0.250419815785
0.216315789474 1e-08 0.251034870669
0.216315789474 0.0157894831579 0.251056573529
0.216315789474 0.0315789563158 0.251056207984
0.216315789474 0.0473684294737 0.251062083392
0.216315789474 0.0631579026316 0.251061763762
0.216315789474 0.0789473757895 0.251062964815
0.216315789474 0.0947368489474 0.251071972541
0.216315789474 0.110526322105 0.251078465781
0.216315789474 0.126315795263 0.251081216471
0.216315789474 0.142105268421 0.251088962946
0.216315789474 0.157894741579 0.25109747487
0.216315789474 0.173684214737 0.251109198275
0.216315789474 0.189473687895 0.251114051259
0.216315789474 0.205263161053 0.251129219779
0.216315789474 0.221052634211 0.251140822812
0.216315789474 0.236842107368 0.251151542713
0.216315789474 0.252631580526 0.251165729547
0.216315789474 0.268421053684 0.251182422057
0.216315789474 0.284210526842 0.251192834536
0.216315789474 0.3 0.251212134421
0.242105263158 1e-08 0.251916143501
0.242105263158 0.0157894831579 0.251935596571
0.242105263158 0.0315789563158 0.251937863495
0.242105263158 0.0473684294737 0.251942106761
0.242105263158 0.0631579026316 0.251942643851
0.242105263158 0.0789473757895 0.251941457889
0.242105263158 0.0947368489474 0.251949331329
0.242105263158 0.110526322105 0.251950628925
0.242105263158 0.126315795263 0.251956163802
0.242105263158 0.142105268421 0.251958534549
0.242105263158 0.157894741579 0.251969415541
0.242105263158 0.173684214737 0.25197940452
0.242105263158 0.189473687895 0.251981718062
0.242105263158 0.205263161053 0.251994226212
0.242105263158 0.221052634211 0.252004438892
0.242105263158 0.236842107368 0.252013857231
0.242105263158 0.252631580526 0.252024233162
0.242105263158 0.268421053684 0.252036438525
0.242105263158 0.284210526842 0.252049371892
0.242105263158 0.3 0.252062943261
0.267894736842 1e-08 0.252856624527
0.267894736842 0.0157894831579 0.252866126406
0.267894736842 0.0315789563158 0.252872105128
0.267894736842 0.0473684294737 0.25287277168
0.267894736842 0.0631579026316 0.2528695543
0.267894736842 0.0789473757895 0.25287203233
0.267894736842 0.0947368489474 0.252879815358
0.267894736842 0.110526322105 0.25287943742
0.267894736842 0.126315795263 0.252877382106
0.267894736842 0.142105268421 0.252885021093
0.267894736842 0.157894741579 0.252893201759
0.267894736842 0.173684214737 0.252894945743
0.267894736842 0.189473687895 0.252897171479
0.267894736842 0.205263161053 0.25290798478
0.267894736842 0.221052634211 0.252912159105
0.267894736842 0.236842107368 0.252917994624
0.267894736842 0.252631580526 0.252917911344
0.267894736842 0.268421053684 0.252929259482
0.267894736842 0.284210526842 0.252933967462
0.267894736842 0.3 0.252938238828
0.293684210526 1e-08 0.253812093565
0.293684210526 0.0157894831579 0.253820943204
0.293684210526 0.0315789563158 0.25382505583
0.293684210526 0.0473684294737 0.253822345739
0.293684210526 0.0631579026316 0.253820518668
0.293684210526 0.0789473757895 0.253820777119
0.293684210526 0.0947368489474 0.253823133518
0.293684210526 0.110526322105 0.253821721054
0.293684210526 0.126315795263 0.253818574974
0.293684210526 0.142105268421 0.253818244116
0.293684210526 0.157894741579 0.253820118129
0.293684210526 0.173684214737 0.253817098037
0.293684210526 0.189473687895 0.253813827593
0.293684210526 0.205263161053 0.25381273455
0.293684210526 0.221052634211 0.253813974609
0.293684210526 0.236842107368 0.253809255196
0.293684210526 0.252631580526 0.253802118952
0.293684210526 0.268421053684 0.253803985543
0.293684210526 0.284210526842 0.253797639951
0.293684210526 0.3 0.253791847478
0.319473684211 1e-08 0.254736365335
0.319473684211 0.0157894831579 0.25474753178
0.319473684211 0.0315789563158 0.254745646694
0.319473684211 0.0473684294737 0.254745228393
0.319473684211 0.0631579026316 0.254743963141
0.319473684211 0.0789473757895 0.254737271888
0.319473684211 0.0947368489474 0.254735088742
0.319473684211 0.110526322105 0.254730160678
0.319473684211 0.126315795263 0.254726202455
0.319473684211 0.142105268421 0.254715969635
0.319473684211 0.157894741579 0.254710793873
0.319473684211 0.173684214737 0.254704823038
0.319473684211 0.189473687895 0.254692433978
0.319473684211 0.205263161053 0.254677812026
0.319473684211 0.221052634211 0.25467022835
0.319473684211 0.236842107368 0.254660139295
0.319473684211 0.252631580526 0.254641605903
0.319473684211 0.268421053684 0.254625227468
0.319473684211 0.284210526842 0.254612870277
0.319473684211 0.3 0.254592820166
0.345263157895 1e-08 0.25559271366
0.345263157895 0.0157894831579 0.255600323644
0.345263157895 0.0315789563158 0.255602786416
0.345263157895 0.0473684294737 0.255598650633
0.345263157895 0.0631579026316 0.255591113646
0.345263157895 0.0789473757895 0.255584216996
0.345263157895 0.0947368489474 0.255580376152
0.345263157895 0.110526322105 0.255568116883
0.345263157895 0.126315795263 0.255553533483
0.345263157895 0.142105268421 0.25554300463
0.345263157895 0.157894741579 0.255528677334
0.345263157895 0.173684214737 0.255510221274
0.345263157895 0.189473687895 0.255491690836
0.345263157895 0.205263161053 0.255472125263
0.345263157895 0.221052634211 0.255445837514
0.345263157895 0.236842107368 0.25542353427
0.345263157895 0.252631580526 0.255396629449
0.345263157895 0.268421053684 0.255366981656
0.345263157895 0.284210526842 0.255335623627
0.345263157895 0.3 0.255303547774
0.371052631579 1e-08 0.256344367955
0.371052631579 0.0157894831579 0.256353349413
0.371052631579 0.0315789563158 0.256350538555
0.371052631579 0.0473684294737 0.256344861149
0.371052631579 0.0631579026316 0.256338894912
0.371052631579 0.0789473757895 0.256327417827
0.371052631579 0.0947368489474 0.256314622902
0.371052631579 0.110526322105 0.25630154087
0.371052631579 0.126315795263 0.256281078425
0.371052631579 0.142105268421 0.256257872842
0.371052631579 0.157894741579 0.256237842137
0.371052631579 0.173684214737 0.256212916
0.371052631579 0.189473687895 0.256180971494
0.371052631579 0.205263161053 0.256148356081
0.371052631579 0.221052634211 0.256116530642
0.371052631579 0.236842107368 0.256078371808
0.371052631579 0.252631580526 0.256033032303
0.371052631579 0.268421053684 0.255996637156
0.371052631579 0.284210526842 0.255945698842
0.371052631579 0.3 0.255895530731
0.396842105263 1e-08 0.256964660661
0.396842105263 0.0157894831579 0.256972802794
0.396842105263 0.0315789563158 0.256970488891
0.396842105263 0.0473684294737 0.256963209073
0.396842105263 0.0631579026316 0.256952568121
0.396842105263 0.0789473757895 0.256935898632
0.396842105263 0.0947368489474 0.256920620545
0.396842105263 0.110526322105 0.256900000371
0.396842105263 0.126315795263 0.256875746738
0.396842105263 0.142105268421 0.256844094597
0.396842105263 0.157894741579 0.256816940855
0.396842105263 0.173684214737 0.256776290655
0.396842105263 0.189473687895 0.256737615977
0.396842105263 0.205263161053 0.256695445329
0.396842105263 0.221052634211 0.256650576126
0.396842105263 0.236842107368 0.256595082285
0.396842105263 0.252631580526 0.256542503787
0.396842105263 0.268421053684 0.256484193177
0.396842105263 0.284210526842 0.256419040687
0.396842105263 0.3 0.256353837303
0.422631578947 1e-08 0.257433618867
0.422631578947 0.0157894831579 0.257443369553
0.422631578947 0.0315789563158 0.257435758643
0.422631578947 0.0473684294737 0.257429149015
0.422631578947 0.0631579026316 0.257413945386
0.422631578947 0.0789473757895 0.257397729489
0.422631578947 0.0947368489474 0.25737393108
0.422631578947 0.110526322105 0.257351022875
0.422631578947 0.126315795263 0.25731403518
0.422631578947 0.142105268421 0.257280696742
0.422631578947 0.157894741579 0.257241328221
0.422631578947 0.173684214737 0.257191950387
0.422631578947 0.189473687895 0.257146767829
0.422631578947 0.205263161053 0.257087896857
0.422631578947 0.221052634211 0.257029395773
0.422631578947 0.236842107368 0.256966317325
0.422631578947 0.252631580526 0.256896224157
0.422631578947 0.268421053684 0.256822176375
0.422631578947 0.284210526842 0.256744003423
0.422631578947 0.3 0.256659670588
0.448421052632 1e-08 0.257739529719
0.448421052632 0.0157894831579 0.257747571225
0.448421052632 0.0315789563158 0.257739554683
0.448421052632 0.0473684294737 0.257728468303
0.448421052632 0.0631579026316 0.257714816352
0.448421052632 0.0789473757895 0.257692336201
0.448421052632 0.0947368489474 0.257664071621
0.448421052632 0.110526322105 0.257632683283
0.448421052632 0.126315795263 0.257595484323
0.448421052632 0.142105268421 0.257548195651
0.448421052632 0.157894741579 0.257502880723
0.448421052632 0.173684214737 0.257449083979
0.448421052632 0.189473687895 0.257384288589
0.448421052632 0.205263161053 0.257321647783
0.448421052632 0.221052634211 0.257248449135
0.448421052632 0.236842107368 0.257173885694
0.448421052632 0.252631580526 0.25708923028
0.448421052632 0.268421053684 0.256997422866
0.448421052632 0.284210526842 0.256908513717
0.448421052632 0.3 0.25680231577
0.474210526316 1e-08 0.257868248976
0.474210526316 0.0157894831579 0.257876110159
0.474210526316 0.0315789563158 0.257873596756
0.474210526316 0.0473684294737 0.257858374515
0.474210526316 0.0631579026316 0.257840328458
0.474210526316 0.0789473757895 0.257813676198
0.474210526316 0.0947368489474 0.25778388935
0.474210526316 0.110526322105 0.257746229716
0.474210526316 0.126315795263 0.257699325451
0.474210526316 0.142105268421 0.257652600551
0.474210526316 0.157894741579 0.257593347374
0.474210526316 0.173684214737 0.25752830689
0.474210526316 0.189473687895 0.257461177973
0.474210526316 0.205263161053 0.25738388175
0.474210526316 0.221052634211 0.257298201051
0.474210526316 0.236842107368 0.257211806259
0.474210526316 0.252631580526 0.257113773652
0.474210526316 0.268421053684 0.257010546091
0.474210526316 0.284210526842 0.256901195472
0.474210526316 0.3 0.256785521452
0.5 1e-08 0.257827381667
0.5 0.0157894831579 0.25783517529
0.5 0.0315789563158 0.257826640133
0.5 0.0473684294737 0.257811184569
0.5 0.0631579026316 0.257791759576
0.5 0.0789473757895 0.257762116262
0.5 0.0947368489474 0.257728351466
0.5 0.110526322105 0.257681345491
0.5 0.126315795263 0.25763507278
0.5 0.142105268421 0.257576236671
0.5 0.157894741579 0.257511932724
0.5 0.173684214737 0.257440395161
0.5 0.189473687895 0.257362643644
0.5 0.205263161053 0.257272870094
0.5 0.221052634211 0.257180575093
0.5 0.236842107368 0.257079707488
0.5 0.252631580526 0.256968264933
0.5 0.268421053684 0.256855995458
0.5 0.284210526842 0.256729292855
0.5 0.3 0.256599282023
