#T,chi_para,chi_n
0.001 0.383013678595 0.358320466364
0.0111836734694 2.01160024861 0.36236238013
0.0213673469388 2.31218766731 0.362714476425
0.0315510204082 2.51097829507 0.362147096426
0.0417346938776 2.59761787441 0.361056187504
0.0519183673469 2.67069858473 0.359657098907
0.0621020408163 2.75276253419 0.358262672743
0.0722857142857 2.83726981459 0.357164280135
0.0824693877551 2.9108992799 0.356763983337
0.0926530612245 2.96041178046 0.357431004204
0.102836734694 2.97746108436 0.359518296615
0.113020408163 2.95997577504 0.363310944562
0.123204081633 2.91237241403 0.369112847718
0.133387755102 2.84432395907 0.37736985151
0.143571428571 2.76214507872 0.388059262193
0.153755102041 2.67740855178 0.40172795847
0.16393877551 2.59603497619 0.418707989803
0.17412244898 2.52952579913 0.440102915784
0.184306122449 2.45795823664 0.463866304491
0.194489795918 2.41251451045 0.493757367494
0.204673469388 2.39201011923 0.530674530687
0.214857142857 2.39234535323 0.575193450517
0.225040816327 2.42043938294 0.629867379906
0.235224489796 2.47906676849 0.697206683275
0.245408163265 2.574513442 0.781106838558
0.255591836735 2.7188765878 0.887934579141
0.265775510204 2.9251593136 1.02619272135
0.275959183673 3.22564406743 1.21252037536
0.286142857143 3.66212328158 1.47227387918
0.296326530612 4.33063727966 1.85906363854
0.306510204082 5.44573956064 2.49475615433
0.316693877551 7.60638066836 3.72868454875
0.32687755102 12.8223189564 6.89585223542
0.33706122449 24.3249753051 17.7081240424
0.347244897959 13.1780806923 12.8481087502
0.357428571429 7.34887623072 7.32781422853
0.367612244898 5.00808215295 5.00366488125
0.377795918367 3.7877625088 3.78634856404
0.387979591837 3.04113262909 3.04056269995
0.398163265306 2.5377991918 2.53754030253
0.408346938776 2.17569011622 2.17555468392
0.418530612245 1.90282084103 1.90274066506
0.428714285714 1.68992009648 1.68987425166
0.438897959184 1.51920536798 1.51917408195
0.449081632653 1.37932493761 1.37930461984
0.459265306122 1.26264081211 1.26262748053
0.469448979592 1.16384368298 1.16383393017
0.479632653061 1.07913433621 1.07912742839
0.489816326531 1.00570925158 1.00570392103
0.5 0.941469093611 0.941465268204
