#occupation n= 1.1 U= 3
#T,|mQ|,mu,iteration times
0.001 0.144007298648 1.71136251253 31
0.0111836734694 0.144438302393 1.71520068724 34
0.0213673469388 0.144605939685 1.71535990541 34
0.0315510204082 0.144773900107 1.71535472162 34
0.0417346938776 0.144986709422 1.71545318012 34
0.0519183673469 0.14525321372 1.71559134024 34
0.0621020408163 0.145568325273 1.71571082303 34
0.0722857142857 0.145918849105 1.71575455648 34
0.0824693877551 0.146283606371 1.71565311188 34
0.0926530612245 0.146637285548 1.71533764262 34
0.102836734694 0.146951104196 1.7147447532 34
0.113020408163 0.147196021434 1.71382060918 34
0.123204081633 0.147341693113 1.71252058171 34
0.133387755102 0.147351419749 1.71080676793 34
0.143571428571 0.147207048539 1.70867079643 34
0.153755102041 0.146868537066 1.70607060704 33
0.16393877551 0.146308745169 1.70303709772 32
0.17412244898 0.145410706844 1.69936071327 24
0.184306122449 0.14444254687 1.69584686665 28
0.194489795918 0.143058181557 1.69165726951 32
0.204673469388 0.141258963459 1.68694706823 37
0.214857142857 0.13905217711 1.68190744192 40
0.225040816327 0.136353700429 1.67649087866 44
0.235224489796 0.133114846044 1.67077620744 48
0.245408163265 0.129264714683 1.66480961636 52
0.255591836735 0.124695630161 1.65860326868 57
0.265775510204 0.11932076497 1.65225314936 62
0.275959183673 0.112948510421 1.64573899558 69
0.286142857143 0.10542049627 1.63917995385 77
0.296326530612 0.096409425426 1.63258807233 88
0.306510204082 0.0853931842166 1.62598631276 105
0.316693877551 0.0714030480182 1.61940697717 135
0.32687755102 0.0526764643952 1.61316863906 191
0.33706122449 0.0264170165005 1.60880070646 300
0.347244897959 0.00963676676932 1.61084273351 300
0.357428571429 0.0043862441336 1.61506707322 259
0.367612244898 0.00298835533254 1.61955330617 213
0.377795918367 0.00226717038473 1.62407276883 182
0.387979591837 0.0018179608943 1.62860535594 160
0.398163265306 0.00148853880526 1.63314368347 144
0.408346938776 0.00127278356256 1.63768583527 131
0.418530612245 0.001134541267 1.64222819356 120
0.428714285714 0.000978483580185 1.64676918978 112
0.438897959184 0.00091051141734 1.65130761537 104
0.449081632653 0.000818132933337 1.6558417898 98
0.459265306122 0.000732680486874 1.66037052264 93
0.469448979592 0.000687862751824 1.66489284664 88
0.479632653061 0.000631514600622 1.66940767316 84
0.489816326531 0.000601917865512 1.67391567785 80
0.5 0.000550648793691 1.67841445925 77
