#occupation n= 0.4 T= 0.01
#U,|m|,mu,sucess
0.0 1.84545067018e-09 -1.82762130179 True
0.204081632653 5.6990938351e-09 -1.78682846131 True
0.408163265306 3.39323769774e-08 -1.7460153477 True
0.612244897959 5.66013200917e-08 -1.70521076009 True
0.816326530612 2.79473541207e-08 -1.66436745575 True
1.02040816327 4.32609726992e-07 -1.62355897689 True
1.22448979592 4.58574524282e-06 -1.58279486396 True
1.42857142857 2.22761013618e-08 -1.54194337556 True
1.63265306122 1.43816612097e-08 -1.50112656244 True
1.83673469388 3.52082832885e-08 -1.46031082044 True
2.04081632653 2.23268279187e-06 -1.41952425753 True
2.24489795918 9.7408228915e-08 -1.37870012973 True
2.44897959184 4.18955593216e-09 -1.33788693553 True
2.65306122449 2.06892640918e-07 -1.29706579866 True
2.85714285714 2.92402627043e-07 -1.25623206515 True
3.0612244898 1.54521653176e-06 -1.21543019719 True
3.26530612245 7.34653610502e-07 -1.17460200705 True
3.4693877551 1.59972572641e-06 -1.13379492809 True
3.67346938776 1.38177224985e-06 -1.09297989263 True
3.87755102041 3.21862721363e-07 -1.05214216593 True
4.08163265306 6.93323332838e-07 -1.01132313005 True
4.28571428571 1.43856477818e-06 -0.970508100315 True
4.48979591837 2.07412107664e-06 -0.929683461641 True
4.69387755102 1.33903498449e-06 -0.888887049429 True
4.89795918367 3.38766965286e-06 -0.848070411033 True
5.10204081633 1.55482971613e-06 -0.807261344099 True
5.30612244898 8.66498063565e-06 -0.766414017645 True
5.51020408163 2.04847832655e-06 -0.725603536889 True
5.71428571429 5.30590848365e-07 -0.684800010985 True
5.91836734694 1.33749840337e-06 -0.643993198924 True
6.12244897959 3.17194129009e-06 -0.603175368021 True
6.32653061224 2.11451247149e-06 -0.56235727972 True
6.5306122449 5.37801529711e-06 -0.521554299303 True
6.73469387755 7.55476426405e-07 -0.480711977237 True
6.9387755102 5.93303905495e-06 -0.439881931943 True
7.14285714286 1.62413898687e-06 -0.399087808055 True
7.34693877551 1.21198336886e-07 -0.358265923182 True
7.55102040816 6.57005837655e-06 -0.317462689162 True
7.75510204082 1.10984391904e-06 -0.276630156603 True
7.95918367347 8.28943904132e-07 -0.235816717267 True
8.16326530612 1.94444634015e-06 -0.195003225124 True
8.36734693878 6.63472530947e-07 -0.154180031799 True
8.57142857143 3.75726891063e-232 -5.12765158711e+86 False
