#occupation n= 1.0 T= 0.01
#U,|m|,mu,sucess
0.0 6.90211414276e-12 0.0315261866987 True
0.204081632653 1.04655248608e-08 0.133567801663 True
0.408163265306 3.91646077655e-07 0.235611799903 True
0.612244897959 8.57583377007e-07 0.337651910105 True
0.816326530612 7.48473096022e-06 0.439693891604 True
1.02040816327 4.53513782093e-06 0.541735443035 True
1.22448979592 7.65511613149e-07 0.643773021364 True
1.42857142857 6.02907973227e-06 0.745819097072 True
1.63265306122 5.14879640736e-06 0.847858217773 True
1.83673469388 6.21163113291e-06 0.949892284615 True
2.04081632653 5.04022906082e-06 1.05193342392 True
2.24489795918 1.55648228771e-05 1.15397493245 True
2.44897959184 8.86212943898e-06 1.25601592828 True
2.65306122449 4.67360571353e-05 1.35805883592 True
2.85714285714 0.0182092824272 1.45648498802 True
3.0612244898 0.042638327794 1.55738054284 True
3.26530612245 0.0650306653245 1.6725026162 True
3.4693877551 0.0894465565975 1.76912084496 True
3.67346938776 0.10871911036 1.87280071996 True
3.87755102041 0.14283444573 1.97770814999 True
4.08163265306 0.16661538432 2.0825726847 True
4.28571428571 0.202865049917 2.18398306417 True
4.48979591837 0.240762329845 2.28679420093 True
4.69387755102 0.279800713577 2.38883035053 True
4.89795918367 0.319345621249 2.49427488242 True
5.10204081633 0.357388731623 2.59774856548 True
5.30612244898 0.397022820213 2.69768182877 True
5.51020408163 0.439319941182 2.80245565322 True
5.71428571429 0.484487653979 2.90566063477 True
5.91836734694 0.528279192734 3.00495064996 True
6.12244897959 0.572552396752 3.10807220317 True
6.32653061224 0.620839325146 3.2101653393 True
6.5306122449 0.664674238137 3.30915384629 True
6.73469387755 0.708417443132 3.4118486444 True
6.9387755102 0.753616216064 3.51165298259 True
7.14285714286 0.800017492413 3.61165498445 True
7.34693877551 0.845208073672 3.70863216852 True
7.55102040816 0.891973025387 3.80660081823 True
7.75510204082 0.938030633573 3.90133223301 True
7.95918367347 0.987155122433 3.99003723226 True
8.16326530612 0.999999494329 4.08163254762 True
8.36734693878 1.00000000283 4.18367346939 True
8.57142857143 1.00000000279 4.28571428571 True
8.77551020408 1.00000000274 4.38775510204 True
8.97959183673 1.00000000269 4.48979591837 True
9.18367346939 1.00000000264 4.59183673469 True
9.38775510204 1.00000000259 4.69387755102 True
9.59183673469 1.00000000254 4.79591836735 True
9.79591836735 1.0000000025 4.89795918367 True
10.0 1.00000000245 5.0 True
