#occupation n= 1.6 T= 0.01
#U,|m|,mu,sucess
0.0 1.90962660415e-11 1.9211945156 True
0.204081632653 5.52886003151e-09 2.08441734413 True
0.408163265306 3.24685077545e-08 2.24771238628 True
0.612244897959 1.57690944987e-09 2.41097412472 True
0.816326530612 4.20694730811e-10 2.57423937133 True
1.02040816327 9.21575489255e-08 2.73754377418 True
1.22448979592 1.25988884405e-06 2.90078141255 True
1.42857142857 3.68558294417e-07 3.06405784043 True
1.63265306122 1.30552853952e-06 3.22731718133 True
1.83673469388 3.74208101805e-07 3.39059661462 True
2.04081632653 7.10039233953e-07 3.55384624995 True
2.24489795918 2.59789610986e-07 3.71712114228 True
2.44897959184 1.08775514076e-07 3.88038487001 True
2.65306122449 6.59769097601e-08 4.04364308779 True
2.85714285714 8.32018079775e-08 4.20690535092 True
3.0612244898 9.97605230884e-07 4.37018113783 True
3.26530612245 3.84772517178e-07 4.53342035871 True
3.4693877551 4.00329029556e-07 4.6966748622 True
3.67346938776 8.08358600774e-08 4.85995364585 True
3.87755102041 5.68628653474e-08 5.02321383699 True
4.08163265306 2.09417022959e-06 5.18648504404 True
4.28571428571 4.6843496098e-06 5.34975192547 True
4.48979591837 5.79156974537e-06 5.51301603706 True
4.69387755102 8.29945829776e-06 5.67630675401 True
4.89795918367 4.43639857057e-06 5.83955535362 True
5.10204081633 5.47553476401e-06 6.0028230884 True
5.30612244898 7.44446343671e-06 6.16610490539 True
5.51020408163 4.73170542176e-06 6.32933510183 True
5.71428571429 1.47711080607e-06 6.49262199573 True
5.91836734694 5.58611232269e-06 6.65589264012 True
6.12244897959 1.30400031948e-06 6.81914557604 True
6.32653061224 4.05996125376e-06 6.98240914155 True
6.5306122449 6.93891043011e-06 7.14568565638 True
6.73469387755 9.64708104876e-06 7.30894522159 True
6.9387755102 1.27578637946e-06 7.47221083072 True
7.14285714286 1.54056567473e-06 7.63548183393 True
7.34693877551 1.41692895197e-06 7.79873508706 True
7.55102040816 7.51275675369e-06 7.96201085792 True
7.75510204082 4.22330002515e-07 8.12526453625 True
7.95918367347 9.31642459519e-07 8.28853041748 True
8.16326530612 8.92268870695e-06 8.45177074595 True
8.36734693878 2.44721917324e-06 8.61507514983 True
8.57142857143 4.54763206027e-07 8.77832530812 True
8.77551020408 2.13979270682e-268 1.82464660086e+29 False
