#occupation n= 1.2 T= 0.01
#U,|m|,mu,sucess
0.0 8.80495907472e-08 0.465612474929 True
0.204081632653 4.05281956921e-08 0.588062865974 True
0.408163265306 6.07543092283e-07 0.710516643794 True
0.612244897959 3.67509746608e-09 0.832958763416 True
0.816326530612 3.37111597947e-07 0.955409101289 True
1.02040816327 7.7049301316e-07 1.07785824759 True
1.22448979592 1.18646328191e-06 1.20030639208 True
1.42857142857 2.6651670938e-06 1.32276992329 True
1.63265306122 3.11478917344e-06 1.44518496762 True
1.83673469388 2.28502174437e-08 1.56765853023 True
2.04081632653 2.45846701961e-07 1.69010592901 True
2.24489795918 4.48855297284e-06 1.81256251785 True
2.44897959184 1.64942378999e-06 1.93499654733 True
2.65306122449 7.42269272937e-07 2.05744986386 True
2.85714285714 1.70913869516e-06 2.17990373858 True
3.0612244898 4.15058780661e-06 2.30236354851 True
3.26530612245 4.16434136962e-06 2.42478672003 True
3.4693877551 1.0855237468e-08 2.54724246413 True
3.67346938776 1.01423333145e-07 2.66967541017 True
3.87755102041 8.11005070759e-07 2.79214389799 True
4.08163265306 7.26796634012e-06 2.91458755707 True
4.28571428571 1.77668923036e-06 3.03704303444 True
4.48979591837 2.26624082146e-06 3.15949253739 True
4.69387755102 3.0793924163e-06 3.28193748801 True
4.89795918367 1.9626303215e-06 3.40438636828 True
5.10204081633 1.85905669995e-05 3.52682700959 True
5.30612244898 1.44685301804e-06 3.64928658434 True
5.51020408163 0.329301556426 4.01321714258 True
5.71428571429 0.389516913946 4.18759698764 True
5.91836734694 0.445589014608 4.35428805014 True
6.12244897959 0.498307627081 4.52659175542 True
6.32653061224 0.553101317897 4.69933612918 True
6.5306122449 0.600342794839 4.85720167789 True
6.73469387755 0.654609615967 5.02562316598 True
6.9387755102 0.706873211699 5.19278718786 True
7.14285714286 0.757245971662 5.35041016664 True
7.34693877551 0.799980842068 5.51934186831 True
7.55102040816 0.799999951578 5.72337575171 True
7.75510204082 0.800000001357 5.92741876399 True
7.95918367347 0.80000000044 6.13150174283 True
8.16326530612 0.800000001128 6.33560653169 True
8.36734693878 0.800000000515 6.5396765423 True
8.57142857143 0.799999991144 6.74382170221 True
8.77551020408 0.799999999902 6.94786384371 True
8.97959183673 1.65690673537e-05 5.85335065784 True
9.18367346939 3.19108848084e-277 3.46653604428e+24 False
