#occupation n= 1.4 T= 0.01
#U,|m|,mu,sucess
0.0 2.19672450381e-09 1.10870129279 True
0.204081632653 6.05912115227e-09 1.25155348236 True
0.408163265306 7.52411611901e-08 1.39441070024 True
0.612244897959 2.60144934623e-07 1.53726467312 True
0.816326530612 4.81516685135e-07 1.68013450051 True
1.02040816327 3.54346239656e-07 1.8229884148 True
1.22448979592 4.89747509592e-06 1.96582772938 True
1.42857142857 7.86586430714e-08 2.1087027154 True
1.63265306122 2.74250332093e-07 2.2515489172 True
1.83673469388 8.87938743915e-07 2.39440963032 True
2.04081632653 1.27540889132e-06 2.53727007866 True
2.24489795918 8.2087152318e-06 2.68013830201 True
2.44897959184 8.62870606832e-07 2.8229908186 True
2.65306122449 6.32338066769e-07 2.96584776165 True
2.85714285714 1.40841106612e-07 3.10870469616 True
3.0612244898 1.50077785787e-06 3.251562182 True
3.26530612245 2.02169836089e-06 3.39441078257 True
3.4693877551 8.8255453233e-07 3.53727226479 True
3.67346938776 1.23483684746e-06 3.68012791204 True
3.87755102041 8.0202911408e-07 3.82299026506 True
4.08163265306 4.68341622795e-06 3.96584837175 True
4.28571428571 5.94161207714e-07 4.10870164606 True
4.48979591837 7.17903449617e-08 4.25156026255 True
4.69387755102 4.82352622002e-07 4.39441477757 True
4.89795918367 8.8413819207e-07 4.53726845943 True
5.10204081633 3.63436917314e-07 4.68012518775 True
5.30612244898 1.48854975326e-06 4.82298887682 True
5.51020408163 8.17445731829e-06 4.96584569731 True
5.71428571429 1.02672531243e-06 5.10871455325 True
5.91836734694 2.04975245144e-06 5.25156142135 True
6.12244897959 1.97795068901e-05 5.39443313366 True
6.32653061224 6.67079281025e-07 5.53728250538 True
6.5306122449 8.02733338856e-06 5.68013210591 True
6.73469387755 2.302504316e-06 5.82298355759 True
6.9387755102 1.04547311888e-05 5.96585588689 True
7.14285714286 0.416486355871 6.49253718973 True
7.34693877551 0.0417267526552 6.25778802404 True
7.55102040816 0.600000398336 7.16521324815 True
7.75510204082 0.600004922623 7.36930097568 True
7.95918367347 0.600000003255 7.57334423093 True
8.16326530612 0.600000000341 7.77744701158 True
8.36734693878 0.599997804014 7.98151979221 True
8.57142857143 9.10063908266e-06 7.10870976196 True
8.77551020408 5.83193955387e-06 7.25155414761 True
8.97959183673 2.12697563691e-273 1.05811972512e+18 False
