#occupation n= 0.8 T= 0.01
#U,|m|,mu,sucess
0.0 3.9514052746e-08 -0.385834312755 True
0.204081632653 1.24331327723e-07 -0.304200781006 True
0.408163265306 3.80291003626e-08 -0.222567151133 True
0.612244897959 3.17334895594e-07 -0.140919552005 True
0.816326530612 6.82238448207e-07 -0.0592760010549 True
1.02040816327 7.02654648193e-07 0.0223402390738 True
1.22448979592 8.71378045707e-07 0.103993273934 True
1.42857142857 3.65151223238e-08 0.185610081686 True
1.63265306122 4.19677660653e-07 0.267233849602 True
1.83673469388 6.00338159002e-07 0.348876958808 True
2.04081632653 3.58623641462e-06 0.430513577431 True
2.24489795918 6.06011139142e-08 0.512140580279 True
2.44897959184 1.42613750844e-06 0.59377238657 True
2.65306122449 5.367570107e-06 0.675403318275 True
2.85714285714 3.01372462831e-06 0.757040418202 True
3.0612244898 6.78411682977e-06 0.838678201559 True
3.26530612245 4.81470143896e-06 0.920303023296 True
3.4693877551 1.21286035476e-05 1.00194040807 True
3.67346938776 1.52043266166e-05 1.0835834913 True
3.87755102041 6.96157839647e-06 1.16519862815 True
4.08163265306 3.25843185175e-06 1.24682508422 True
4.28571428571 7.00780225965e-06 1.32846282888 True
4.48979591837 1.05789373377e-05 1.41010486181 True
4.69387755102 2.7245987368e-05 1.49173218184 True
4.89795918367 2.26247781195e-05 1.57336327285 True
5.10204081633 3.37903914808e-05 1.65499921684 True
5.30612244898 0.0404337556877 1.7323917556 True
5.51020408163 0.342427341273 1.57565797163 True
5.71428571429 0.397922545953 1.60748967848 True
5.91836734694 0.44877526525 1.64540434323 True
