#occupation n= 0.6 T= 0.01
#U,|m|,mu,sucess
0.0 7.49900579189e-09 -1.02015729001 True
0.204081632653 5.55122064315e-09 -0.958940381629 True
0.408163265306 4.13679467678e-08 -0.897717409842 True
0.612244897959 1.07852259794e-06 -0.836485934464 True
0.816326530612 7.96867811922e-07 -0.775277946783 True
1.02040816327 7.00966776495e-07 -0.714032323842 True
1.22448979592 2.89370765076e-07 -0.652816268635 True
1.42857142857 1.26757879023e-06 -0.591595465116 True
1.63265306122 4.20892271271e-08 -0.530359628913 True
1.83673469388 2.42503988909e-07 -0.469134406791 True
2.04081632653 3.13194223101e-07 -0.407909440107 True
2.24489795918 6.81010021654e-06 -0.346687576596 True
2.44897959184 8.40015179622e-07 -0.285466543145 True
2.65306122449 2.34256428683e-06 -0.22424814498 True
2.85714285714 7.72297781413e-06 -0.163036252214 True
3.0612244898 1.7737057759e-06 -0.101788877978 True
3.26530612245 9.81479078702e-06 -0.0405617270883 True
3.4693877551 7.25632376413e-07 0.0206602940997 True
3.67346938776 4.78716642701e-07 0.0818833843513 True
3.87755102041 5.63121212569e-08 0.143110515016 True
4.08163265306 1.02918318683e-05 0.204331062169 True
4.28571428571 3.00226131145e-06 0.265574394622 True
4.48979591837 3.75780235573e-07 0.326780955523 True
4.69387755102 1.52991183901e-06 0.388008260379 True
4.89795918367 9.99576014303e-06 0.449229812819 True
5.10204081633 1.37501899318e-05 0.510472735498 True
5.30612244898 7.75997285074e-07 0.57167692157 True
5.51020408163 5.71391421982e-06 0.632914054225 True
5.71428571429 9.02771606264e-06 0.694131404282 True
5.91836734694 1.91575899168e-06 0.755354362492 True
6.12244897959 1.0287291325e-06 0.816578115965 True
6.32653061224 3.30802142024e-06 0.877783999305 True
6.5306122449 5.32342856572e-06 0.93902221127 True
6.73469387755 1.7506340203e-05 1.00026624417 True
6.9387755102 4.96127738294e-05 1.06148491273 True
7.14285714286 0.460125163885 0.634492977987 True
7.34693877551 0.56288953849 0.505921536801 True
7.55102040816 0.5999979307 0.465621161641 True
7.75510204082 3.80652672367e-05 1.30636691092 True
7.95918367347 0.600000000104 0.46561518642 True
8.16326530612 0.599999999187 0.465605289176 True
8.36734693878 4.05837112161e-05 1.49002420438 True
8.57142857143 3.65574541961e-06 1.55127405436 True
8.77551020408 0.599999999967 0.46560814139 True
8.97959183673 0.599999998761 0.465597733536 True
9.18367346939 0.600000000321 0.46561785237 True
9.38775510204 5.07740694677e-06 1.7961632339 True
