#occupation n= 1.0 T= 0.01
#U,|m|,mu,iteration times
10.0 1.0 4.48031197076 21
9.83050847458 1.0 4.35426966962 12
9.66101694915 1.0 4.22816121092 12
9.49152542373 1.0 4.1019594887 12
9.32203389831 1.0 4.61768108844 14
9.15254237288 1.0 4.47725667937 12
8.98305084746 1.0 4.33003345542 12
8.81355932203 1.0 4.18242496479 12
8.64406779661 1.0 4.45744991613 13
8.47457627119 1.0 4.15608603715 13
8.30508474576 1.0 4.12216576253 10
8.13559322034 0.999997655469 4.07071902693 11
7.96610169492 0.989148452273 3.99256970958 20
7.79661016949 0.948291577565 3.92031747395 26
7.62711864407 0.909265038802 3.84247757984 26
7.45762711864 0.872743775884 3.76208624835 25
7.28813559322 0.83540783054 3.67966906803 21
7.1186440678 0.795818298847 3.60015511632 25
6.94915254237 0.754811050204 3.51682299206 27
6.77966101695 0.719397853458 3.4306870261 32
6.61016949153 0.680255191976 3.35197458331 29
6.4406779661 0.646360228675 3.26495407493 22
6.27118644068 0.602435975099 3.18172333914 33
6.10169491525 0.570456944726 3.09890914682 22
5.93220338983 0.531402736306 3.01468073556 35
5.76271186441 0.494870756561 2.92535556429 31
5.59322033898 0.457995561522 2.84224178703 33
5.42372881356 0.423096183675 2.75970137267 28
5.25423728814 0.389192547077 2.67573219797 26
5.08474576271 0.355506148476 2.58998245795 26
4.91525423729 0.32162872852 2.50308138578 26
4.74576271186 0.287141148041 2.41614827051 27
4.57627118644 0.25272048585 2.33093349464 33
4.40677966102 0.226636097845 2.25025957943 43
4.23728813559 0.198021228276 2.15791392065 29
4.06779661017 0.165083227008 2.07466751184 41
3.89830508475 0.145961370153 1.98712562044 31
3.72881355932 0.115120678933 1.90411781501 55
3.5593220339 0.0986667192301 1.81270477785 29
3.38983050847 0.082531212459 1.73274296253 31
3.22033898305 0.0572425712996 1.64601216331 56
3.05084745763 0.0423649261 1.55204541293 16
2.8813559322 0.0225715299157 1.46703584894 71
2.71186440678 0.00436527704017 1.38724059623 102
2.54237288136 0.00111119530452 1.30270004934 30
2.37288135593 0.000454993350926 1.21796614303 11
2.20338983051 0.000133070534712 1.13322256037 11
2.03389830508 2.74983389306e-05 1.04847704325 11
1.86440677966 3.94936474801e-06 0.963731289035 11
1.69491525424 3.90078720547e-07 0.878985526501 11
1.52542372881 2.60420098819e-08 0.794239763791 11
1.35593220339 1.1544885048e-09 0.709494001079 11
1.18644067797 3.33147953668e-11 0.624748238367 11
1.01694915254 6.12176975778e-13 0.540002475655 11
0.847457627119 6.88338275268e-15 0.455256712944 11
0.677966101695 0.0 0.370510950232 11
0.508474576271 0.0 0.28576518752 11
0.338983050847 0.0 0.201019424808 11
0.169491525424 0.0 0.116273662096 11
0.0 0.0 0.0315278993843 11
