#occupation n= 0.8 T= 0.01
#U,|m|,mu,iteration times
10.0 0.799992111517 1.92091708754 26
9.83050847458 0.799991725439 1.92092160747 1
9.66101694915 0.799992745708 1.92123057028 5
9.49152542373 0.799992815843 1.92122974911 1
9.32203389831 0.799992885978 1.92122892794 1
9.15254237288 0.799992956113 1.92122810678 1
8.98305084746 0.799993026247 1.92122728561 1
8.81355932203 0.79999309638 1.92122646444 1
8.64406779661 0.799993166513 1.92122564328 1
8.47457627119 0.799993236645 1.92122482211 1
8.30508474576 0.799993306777 1.92122400094 1
8.13559322034 0.799993376909 1.92122317978 1
7.96610169492 0.79999344704 1.92122235861 1
7.79661016949 0.799993517171 1.92122153745 1
7.62711864407 0.799993587301 1.92122071628 1
7.45762711864 0.799984997119 1.92111873938 1
7.28813559322 0.773864175338 1.90182569695 26
7.1186440678 0.734432218279 1.87182984412 31
6.94915254237 0.69594564486 1.83597099057 29
6.77966101695 0.656084476603 1.80802006563 34
6.61016949153 0.616672632735 1.77900305456 28
6.4406779661 0.57452016052 1.74624417314 31
6.27118644068 0.531831943823 1.71544025187 32
6.10169491525 0.490555960976 1.68311483317 33
5.93220338983 0.450968382401 1.64925038956 29
5.76271186441 0.403120753874 1.6200283717 40
5.59322033898 0.364479361314 1.59243107511 34
5.42372881356 0.313283631041 1.56909079191 34
5.25423728814 0.2532375687 1.55487599211 44
5.08474576271 0.00157863912125 1.64808881126 171
4.91525423729 0.000907070809832 1.58028619757 11
4.74576271186 0.000442964697892 1.51248739039 11
4.57627118644 0.00018289495859 1.44469025472 11
4.40677966102 6.36138504171e-05 1.37689345226 11
4.23728813559 1.85889496261e-05 1.30909683008 11
4.06779661017 4.55221945039e-06 1.24130021885 11
3.89830508475 9.33810160419e-07 1.17350360862 11
3.72881355932 1.58546709372e-07 1.10570699845 11
3.5593220339 2.23087900375e-08 1.03791038828 11
3.38983050847 2.59174265382e-09 0.970113778107 11
3.22033898305 2.47632858663e-10 0.902317167937 11
3.05084745763 1.93788318725e-11 0.834520557768 11
2.8813559322 1.23717702749e-12 0.766723947598 11
2.71186440678 6.41708908233e-14 0.698927337429 11
2.54237288136 3.33066907388e-15 0.631130727259 11
2.37288135593 1.66533453694e-16 0.56333411709 11
2.20338983051 0.0 0.495537506921 11
2.03389830508 0.0 0.427740896751 11
1.86440677966 0.0 0.359944286582 11
1.69491525424 0.0 0.292147676412 11
1.52542372881 0.0 0.224351066243 11
1.35593220339 0.0 0.156554456073 11
1.18644067797 0.0 0.0887578459036 11
1.01694915254 0.0 0.0209612357341 11
0.847457627119 0.0 -0.0468353744354 11
0.677966101695 0.0 -0.114631984605 11
0.508474576271 0.0 -0.182428594774 11
0.338983050847 0.0 -0.250225204944 11
0.169491525424 0.0 -0.318021815113 11
0.0 0.0 -0.385818425283 11
