#occupation n= 1.2 T= 0.01
#U,|m|,mu,iteration times
10.0 0.799993138347 8.17215437076 27
9.83050847458 0.799994983344 8.00268529447 18
9.66101694915 0.799994694739 7.83320662303 18
9.49152542373 0.79999446687 7.66372716057 18
9.32203389831 0.799994292771 7.4942469772 18
9.15254237288 0.799994167214 7.32476611264 18
8.98305084746 0.799994085497 7.15528459537 18
8.81355932203 0.799994043266 6.98580246153 18
8.64406779661 0.799994036704 6.8163197479 18
8.47457627119 0.799994061818 6.64683647279 18
8.30508474576 0.799994115315 6.47735266557 18
8.13559322034 0.799994194175 6.30786835438 18
7.96610169492 0.799994295547 6.13838356384 18
7.79661016949 0.799994416831 5.96889831733 18
7.62711864407 0.799994555567 5.79941263665 18
7.45762711864 0.79999470261 5.62992656369 18
7.28813559322 0.798128843074 5.46468240553 21
7.1186440678 0.7492007593 5.32895440951 35
6.94915254237 0.709743295027 5.20272245131 29
6.77966101695 0.663581700724 5.05913566683 38
6.61016949153 0.622448055198 4.92713894508 28
6.4406779661 0.582953712737 4.79328367826 43
6.27118644068 0.533723449505 4.64716576151 43
6.10169491525 0.494981868399 4.50862755765 29
5.93220338983 0.447468546555 4.36567579678 31
5.76271186441 0.399378627094 4.22437110052 34
5.59322033898 0.347467090379 4.07707385894 50
5.42372881356 0.287700664492 3.91858055415 60
5.25423728814 0.000275931431213 3.61815839601 165
5.08474576271 7.92806215417e-05 3.51645980188 11
4.91525423729 1.96682164567e-05 3.41476456489 11
4.74576271186 4.20247913313e-06 3.3130696295 11
4.57627118644 7.71577536862e-07 3.21137471331 11
4.40677966102 1.21434863276e-07 3.10967979803 11
4.23728813559 1.63424477284e-08 3.00798488277 11
4.06779661017 1.87578075295e-09 2.90628996752 11
3.89830508475 1.83139281518e-10 2.80459505226 11
3.72881355932 1.51677559401e-11 2.70290013701 11
3.5593220339 1.06281650147e-12 2.60120522175 11
3.38983050847 6.28386231938e-14 2.4995103065 11
3.22033898305 3.44169137634e-15 2.39781539124 11
3.05084745763 1.11022302463e-16 2.29612047599 11
2.8813559322 0.0 2.19442556074 11
2.71186440678 0.0 2.09273064548 11
2.54237288136 0.0 1.99103573023 11
2.37288135593 0.0 1.88934081497 11
2.20338983051 0.0 1.78764589972 11
2.03389830508 0.0 1.68595098446 11
1.86440677966 0.0 1.58425606921 11
1.69491525424 0.0 1.48256115396 11
1.52542372881 0.0 1.3808662387 11
1.35593220339 0.0 1.27917132345 11
1.18644067797 0.0 1.17747640819 11
1.01694915254 0.0 1.07578149294 11
0.847457627119 0.0 0.974086577685 11
0.677966101695 0.0 0.872391662431 11
0.508474576271 0.0 0.770696747177 11
0.338983050847 0.0 0.669001831923 11
0.169491525424 0.0 0.567306916668 11
0.0 0.0 0.465612001414 11
