#occupation n= 0.9 T= 0.01
#U,|m|,mu,iteration times
10.0 0.899999582397 2.89694082 25
9.83050847458 0.899998946668 2.89694752575 1
9.66101694915 0.899998310967 2.8969542315 1
9.49152542373 0.899997675294 2.89696093724 1
9.32203389831 0.899997039648 2.89696764299 1
9.15254237288 0.89999640403 2.89697434874 1
8.98305084746 0.89999576844 2.89698105449 1
8.81355932203 0.899995132877 2.89698776024 1
8.64406779661 0.899994497342 2.89699446599 1
8.47457627119 0.899993861835 2.89700117174 1
8.30508474576 0.899993226355 2.89700787748 1
8.13559322034 0.899992590904 2.89701458323 1
7.96610169492 0.89999195548 2.89702128898 1
7.79661016949 0.899991320083 2.89702799473 1
7.62711864407 0.893003210361 2.88266895919 17
7.45762711864 0.853936761195 2.8305700934 26
7.28813559322 0.817783971731 2.77141063553 31
7.1186440678 0.777408608254 2.71718631211 28
6.94915254237 0.742163811961 2.65359608351 29
6.77966101695 0.701535211223 2.60271975742 26
6.61016949153 0.664445038405 2.54284213128 33
6.4406779661 0.628845556651 2.48488869885 22
6.27118644068 0.588180613995 2.42395445147 34
6.10169491525 0.550404436851 2.36667355048 30
5.93220338983 0.512218242698 2.30724820136 43
5.76271186441 0.473567503805 2.24521337465 30
5.59322033898 0.440361449402 2.18774017326 27
5.42372881356 0.397696965481 2.12670754497 48
5.25423728814 0.360413167973 2.06603386501 39
5.08474576271 0.32593689514 2.00384273743 37
4.91525423729 0.294686891097 1.93684745794 32
4.74576271186 0.258847482262 1.8784238128 29
4.57627118644 0.220447893093 1.82318045448 37
4.40677966102 0.189287110315 1.7550887216 56
4.23728813559 0.147505980646 1.69841420298 49
4.06779661017 0.0843322226009 1.66538636588 113
3.89830508475 0.000851066308284 1.6086092415 98
3.72881355932 0.000384319340716 1.53233194985 11
3.5593220339 0.000140416947676 1.45605941449 11
3.38983050847 4.12793216531e-05 1.37978795779 11
3.22033898305 9.72927472775e-06 1.30351683315 11
3.05084745763 1.81814970179e-06 1.22724564576 11
2.8813559322 2.68917680291e-07 1.15097445928 11
2.71186440678 3.12940057201e-08 1.07470327284 11
2.54237288136 2.84743972845e-09 0.998432086401 11
2.37288135593 2.0124896194e-10 0.922160899961 11
2.20338983051 1.0971112907e-11 0.84588971352 11
2.03389830508 4.58022508809e-13 0.769618527079 11
1.86440677966 1.45439216226e-14 0.693347340639 11
1.69491525424 4.4408920985e-16 0.617076154198 11
1.52542372881 0.0 0.540804967757 11
1.35593220339 0.0 0.464533781317 11
1.18644067797 0.0 0.388262594876 11
1.01694915254 0.0 0.311991408435 11
0.847457627119 0.0 0.235720221995 11
0.677966101695 0.0 0.159449035554 11
0.508474576271 0.0 0.0831778491133 11
0.338983050847 0.0 0.00690666267266 11
0.169491525424 0.0 -0.0693645237683 11
0.0 0.0 -0.145635710209 11
