#occupation n= 1.1 T= 0.01
#U,|m|,mu,iteration times
10.0 0.899995476768 7.18308204007 28
9.83050847458 0.89999478208 7.01353681165 18
9.66101694915 0.899994639985 6.84405567902 18
9.49152542373 0.899994525416 6.67457400239 18
9.32203389831 0.89999444101 6.50509183517 18
9.15254237288 0.899994389117 6.33560916755 18
8.98305084746 0.899994365346 6.16612602853 18
8.81355932203 0.899994367661 5.9966424335 18
8.64406779661 0.899994394099 5.82715839755 18
8.47457627119 0.899994442633 5.65767393934 18
8.30508474576 0.899994512023 5.48818906896 18
8.13559322034 0.899994599755 5.31870379771 18
7.96610169492 0.899994704457 5.14921814341 18
7.79661016949 0.899994824467 4.97973211942 18
7.62711864407 0.899976121216 4.81068132617 14
7.45762711864 0.867021990721 4.6940019679 28
7.28813559322 0.827688834402 4.59304204669 27
7.1186440678 0.787228786451 4.47971952546 27
6.94915254237 0.748255643823 4.37505056012 29
6.77966101695 0.705620708849 4.26292671308 38
6.61016949153 0.671150833418 4.1573707068 21
6.4406779661 0.630103600462 4.04804742807 30
6.27118644068 0.591393422175 3.93572052696 32
6.10169491525 0.552624970724 3.83331686269 24
5.93220338983 0.518569523995 3.72352350641 24
5.76271186441 0.473342811588 3.60948122398 41
5.59322033898 0.434485455545 3.49976655961 41
5.42372881356 0.399169008839 3.39093629019 31
5.25423728814 0.365736017156 3.28405323811 29
5.08474576271 0.328492265686 3.17440922386 37
4.91525423729 0.288015813626 3.0626979154 33
4.74576271186 0.246782729901 2.94700324001 40
4.57627118644 0.197458107726 2.82892812323 69
4.40677966102 0.178420702763 2.72548797399 28
4.23728813559 0.000574339249886 2.5425620086 133
4.06779661017 0.000196249260492 2.44933441821 11
3.89830508475 5.55471104102e-05 2.35611318607 11
3.72881355932 1.29653774829e-05 2.26289277355 11
3.5593220339 2.48614977627e-06 2.16967243049 11
3.38983050847 3.9004906649e-07 2.07645209135 11
3.22033898305 4.98551846473e-08 1.98323175237 11
3.05084745763 5.16845422016e-09 1.89001141338 11
2.8813559322 4.32547331286e-10 1.7967910744 11
2.71186440678 2.90785173718e-11 1.70357073542 11
2.54237288136 1.56186175104e-12 1.61035039643 11
2.37288135593 6.61692922677e-14 1.51713005745 11
2.20338983051 2.6645352591e-15 1.42390971847 11
2.03389830508 0.0 1.33068937949 11
1.86440677966 0.0 1.2374690405 11
1.69491525424 0.0 1.14424870152 11
1.52542372881 0.0 1.05102836254 11
1.35593220339 0.0 0.957808023553 11
1.18644067797 0.0 0.86458768457 11
1.01694915254 0.0 0.771367345587 11
0.847457627119 0.0 0.678147006604 11
0.677966101695 0.0 0.584926667621 11
0.508474576271 0.0 0.491706328638 11
0.338983050847 0.0 0.398485989655 11
0.169491525424 0.0 0.305265650672 11
0.0 0.0 0.212045311689 11
