#occupation n= 0.95 T= 0.01
#U,|m|,mu,iteration times
10.0 0.949991417989 3.44136111922 30
9.83050847458 0.949991653949 3.44135890709 1
9.66101694915 0.949991889903 3.44135669496 1
9.49152542373 0.94999212585 3.44135448283 1
9.32203389831 0.949992361791 3.44135227071 1
9.15254237288 0.949992597725 3.44135005857 1
8.98305084746 0.949992833654 3.44134784645 1
8.81355932203 0.949993069576 3.44134563432 1
8.64406779661 0.949993305491 3.44134342219 1
8.47457627119 0.949993541401 3.44134121006 1
8.30508474576 0.949993777304 3.44133899793 1
8.13559322034 0.949994013201 3.4413367858 1
7.96610169492 0.949994249092 3.44133457367 1
7.79661016949 0.94152644748 3.42809970143 17
7.62711864407 0.904149855018 3.36023879764 25
7.45762711864 0.866476922 3.29104997873 27
7.28813559322 0.826729572444 3.22697592339 26
7.1186440678 0.789425054983 3.15489814144 32
6.94915254237 0.751551770673 3.08580892454 27
6.77966101695 0.716186957564 3.01148169296 34
6.61016949153 0.677599244191 2.94818317044 24
6.4406779661 0.638950310934 2.87073070271 30
6.27118644068 0.601605791298 2.80060732403 30
6.10169491525 0.565171617604 2.73046975302 33
5.93220338983 0.523981399157 2.65692831837 31
5.76271186441 0.491221898472 2.587755419 24
5.59322033898 0.455194042929 2.51270615403 32
5.42372881356 0.415872361173 2.43717381047 39
5.25423728814 0.379565550221 2.36505282561 34
5.08474576271 0.344335944023 2.29290718375 32
4.91525423729 0.310053186125 2.22010370784 32
4.74576271186 0.277890069963 2.14435455612 41
4.57627118644 0.250964556246 2.06829135143 31
4.40677966102 0.219284703675 2.0001685409 32
4.23728813559 0.18986647998 1.92000001126 32
4.06779661017 0.158843973936 1.84504838198 35
3.89830508475 0.139983201342 1.76924668268 30
3.72881355932 0.103392229174 1.69720491482 41
3.5593220339 0.0929874519579 1.61790355355 23
3.38983050847 0.0825649371064 1.54234371025 28
3.22033898305 0.0322131097434 1.48032712539 40
3.05084745763 0.0282830644395 1.40118289167 22
2.8813559322 0.0245683147221 1.32153149349 18
2.71186440678 0.020232376923 1.24139009975 11
2.54237288136 0.0141531858284 1.16061128835 13
2.37288135593 0.00373274450528 1.07937196589 59
2.20338983051 0.000968481501072 0.998797709798 19
2.03389830508 0.000255895520186 0.918284754907 11
1.86440677966 4.65451136713e-05 0.837775999313 11
1.69491525424 5.72650438468e-06 0.757267513762 11
1.52542372881 4.69579405415e-07 0.676759039018 11
1.35593220339 2.51655109529e-08 0.596250564441 11
1.18644067797 8.62888760444e-10 0.515742089865 11
1.01694915254 1.84722237506e-11 0.435233615288 11
0.847457627119 2.39364084109e-13 0.354725140712 11
0.677966101695 2.16493489802e-15 0.274216666136 11
0.508474576271 0.0 0.19370819156 11
0.338983050847 0.0 0.113199716983 11
0.169491525424 0.0 0.0326912424071 11
0.0 0.0 -0.0478172321692 11
