#occupation n= 1.05 T= 0.01
#U,|m|,mu,iteration times
10.0 0.949996084352 6.61486788563 29
9.83050847458 0.949996433475 6.44527391848 18
9.66101694915 0.949996080803 6.27579433719 18
9.49152542373 0.949995761329 6.10631411772 18
9.32203389831 0.949995492082 5.93683324902 18
9.15254237288 0.949995271017 5.76735181427 18
8.98305084746 0.949995094872 5.59786983397 18
8.81355932203 0.949994960211 5.42838732786 18
8.64406779661 0.949994863911 5.25890431366 18
8.47457627119 0.949994803219 5.08942081123 18
8.30508474576 0.94999477174 4.91993686939 18
8.13559322034 0.94999477347 4.75045244319 18
7.96610169492 0.949994802755 4.58096758341 18
7.79661016949 0.949680424636 4.41221084546 18
7.62711864407 0.910782621282 4.32172623311 26
7.45762711864 0.871196978148 4.22835789341 24
7.28813559322 0.831708197506 4.13751530417 33
7.1186440678 0.79270048618 4.04362229761 39
6.94915254237 0.756106169195 3.94970520736 25
6.77966101695 0.719103885693 3.84959254815 26
6.61016949153 0.678343862184 3.75315672171 26
6.4406779661 0.644359410928 3.66056296165 23
6.27118644068 0.600335487303 3.56126010534 32
6.10169491525 0.565928537832 3.46390342427 25
5.93220338983 0.52898008149 3.37439849888 36
5.76271186441 0.489953150183 3.27255220287 42
5.59322033898 0.450774380384 3.17424589545 32
5.42372881356 0.416280690769 3.07605350049 27
5.25423728814 0.381019762998 2.97939330135 32
5.08474576271 0.345873312139 2.88380013678 37
4.91525423729 0.312887280819 2.78959650553 41
4.74576271186 0.27952478708 2.69457998095 33
4.57627118644 0.24229026011 2.59396863309 31
4.40677966102 0.206267094679 2.49378112351 39
4.23728813559 0.186640150784 2.40060177326 29
4.06779661017 0.149540268434 2.29529052734 31
3.89830508475 0.122529968524 2.20714642259 44
3.72881355932 0.0609234828301 2.08624383638 55
3.5593220339 0.00022965859727 1.97928392293 51
3.38983050847 4.86986802142e-05 1.89030158401 11
3.22033898305 8.32997431743e-06 1.80131856569 11
3.05084745763 1.1447775643e-06 1.7123355158 11
2.8813559322 1.25757676273e-07 1.62335246497 11
2.71186440678 1.09836989504e-08 1.53436941412 11
2.54237288136 7.58394902434e-10 1.44538636328 11
2.37288135593 4.11481959617e-11 1.35640331243 11
2.20338983051 1.74271708175e-12 1.26742026158 11
2.03389830508 5.79536418854e-14 1.17843721074 11
1.86440677966 1.22124532709e-15 1.08945415989 11
1.69491525424 0.0 1.00047110904 11
1.52542372881 0.0 0.911488058193 11
1.35593220339 0.0 0.822505007345 11
1.18644067797 0.0 0.733521956498 11
1.01694915254 0.0 0.64453890565 11
0.847457627119 0.0 0.555555854803 11
0.677966101695 0.0 0.466572803955 11
0.508474576271 0.0 0.377589753108 11
0.338983050847 0.0 0.28860670226 11
0.169491525424 0.0 0.199623651413 11
0.0 0.0 0.110640600566 11
