   3.000000    
   2.999561    
   2.998245    
   2.996053    
   2.992986    
   2.989044    
   2.984229    
   2.978545    
   2.971992    
   2.964575    
   2.956295    
   2.947158    
   2.937166    
   2.926325    
   2.914639    
   2.902113    
   2.888753    
   2.874564    
   2.859553    
   2.843726    
   2.827091    
   2.809654    
   2.791424    
   2.772408    
   2.752613    
   2.732051    
   2.710729    
   2.688656    
   2.665843    
   2.642299    
   2.618034    
   2.593060    
   2.567387    
   2.541027    
   2.513991    
   2.486290    
   2.457937    
   2.428946    
   2.399327    
   2.369095    
   2.338262    
   2.306842    
   2.274848    
   2.242296    
   2.209199    
   2.175571    
   2.141428    
   2.106784    
   2.071654    
   2.036055    
   2.000000    
   1.963508    
   1.926592    
   1.889271    
   1.851559    
   1.813474    
   1.775031    
   1.736249    
   1.697144    
   1.657733    
   1.618034    
   1.578063    
   1.537839    
   1.497379    
   1.456701    
   1.415823    
   1.374762    
   1.333537    
   1.292165    
   1.250666    
   1.209056    
   1.167355    
   1.125580    
   1.083750    
   1.041884    
  0.9999987    
  0.9581139    
  0.9162473    
  0.8744177    
  0.8326429    
  0.7909415    
  0.7493321    
  0.7078323    
  0.6664608    
  0.6252356    
  0.5841750    
  0.5432965    
  0.5026185    
  0.4621585    
  0.4219344    
  0.3819639    
  0.3422644    
  0.3028538    
  0.2637485    
  0.2249664    
  0.1865241    
  0.1484385    
  0.1107279    
  7.3404767E-02
  3.6489021E-02
  0.0000000E+00
  3.6053546E-02
  7.1653090E-02
  0.1067833    
  0.1414274    
  0.1755709    
  0.2091989    
  0.2422958    
  0.2748483    
  0.3068417    
  0.3382617    
  0.3690946    
  0.3993270    
  0.4289458    
  0.4579375    
  0.4862899    
  0.5139903    
  0.5410268    
  0.5673872    
  0.5930601    
  0.6180342    
  0.6422986    
  0.6658428    
  0.6886560    
  0.7107288    
  0.7320510    
  0.7526134    
  0.7724074    
  0.7914236    
  0.8096543    
  0.8270910    
  0.8437265    
  0.8595530    
  0.8745641    
  0.8887529    
  0.9021132    
  0.9146391    
  0.9263253    
  0.9371665    
  0.9471579    
  0.9562953    
  0.9645746    
  0.9719921    
  0.9785447    
  0.9842294    
  0.9890438    
  0.9929857    
  0.9960535    
  0.9982456    
  0.9995613    
   1.000000    
  0.9995614    
  0.9982457    
  0.9960534    
  0.9929857    
  0.9890437    
  0.9842293    
  0.9785447    
  0.9719921    
  0.9645745    
  0.9562953    
  0.9471579    
  0.9371663    
  0.9263251    
  0.9146389    
  0.9021131    
  0.8887528    
  0.8745640    
  0.8595529    
  0.8437263    
  0.8270909    
  0.8096541    
  0.7914235    
  0.7724072    
  0.7526134    
  0.7320508    
  0.7107285    
  0.6886559    
  0.6658425    
  0.6422985    
  0.6180341    
  0.5930599    
  0.5673870    
  0.5410265    
  0.5139901    
  0.4862897    
  0.4579372    
  0.4289455    
  0.3993267    
  0.3690943    
  0.3382613    
  0.3068413    
  0.2748483    
  0.2422958    
  0.2091983    
  0.1755709    
  0.1414274    
  0.1067835    
  7.1653090E-02
  3.6054373E-02
  0.0000000E+00
  3.6492288E-02
  7.3408015E-02
  0.1107301    
  0.1484417    
  0.1865273    
  0.2249691    
  0.2637512    
  0.3028565    
  0.3422672    
  0.3819670    
  0.4219372    
  0.4621616    
  0.5026211    
  0.5432993    
  0.5841779    
  0.6252387    
  0.6664636    
  0.7078356    
  0.7493352    
  0.7909447    
  0.8326460    
  0.8744206    
  0.9162506    
  0.9581170    
   1.000002    
   1.041887    
   1.083753    
   1.125583    
   1.167358    
   1.209059    
   1.250669    
   1.292168    
   1.333540    
   1.374765    
   1.415826    
   1.456704    
   1.497382    
   1.537842    
   1.578066    
   1.618037    
   1.657736    
   1.697147    
   1.736252    
   1.775034    
   1.813476    
   1.851562    
   1.889274    
   1.926595    
   1.963511    
   2.000003    
   2.036057    
   2.071657    
   2.106786    
   2.141430    
   2.175574    
   2.209201    
   2.242299    
   2.274851    
   2.306844    
   2.338264    
   2.369097    
   2.399329    
   2.428948    
   2.457940    
   2.486292    
   2.513993    
   2.541029    
   2.567389    
   2.593062    
   2.618036    
   2.642300    
   2.665844    
   2.688658    
   2.710730    
   2.732053    
   2.752615    
   2.772409    
   2.791425    
   2.809655    
   2.827092    
   2.843728    
   2.859554    
   2.874565    
   2.888754    
   2.902114    
   2.914640    
   2.926326    
   2.937167    
   2.947159    
   2.956296    
   2.964575    
   2.971992    
   2.978545    
   2.984230    
   2.989044    
   2.992986    
   2.996054    
   2.998246    
   2.999562    
