# U nd md
25.513653971 0.232653061224 0.0312039423484
26.1850659176 0.232653061224 0.0319962137638
26.8564778642 0.232653061224 0.0622512602726
27.5278898108 0.232653061224 0.0636005977822
28.1993017574 0.232653061224 0.0649372871594
28.870713704 0.232653061224 0.0662612815719
29.5421256506 0.232653061224 0.0932305177316
30.2135375972 0.232653061224 0.0947657971166
30.8849495438 0.232653061224 0.0962753568049
31.5563614904 0.232653061224 0.0977595556503
32.227773437 0.232653061224 0.0992187611582
32.8991853836 0.232653061224 0.100653348045
19.4709464515 0.265306122449 0.0306937669826
20.1423583981 0.265306122449 0.0317243801925
20.8137703447 0.265306122449 0.0629211306073
21.4851822913 0.265306122449 0.0647362381928
22.1565942379 0.265306122449 0.0935735602483
22.8280061846 0.265306122449 0.0957859422015
23.4994181312 0.265306122449 0.097958267204
24.1708300778 0.265306122449 0.12277645368
24.8422420244 0.265306122449 0.124990701144
25.513653971 0.265306122449 0.127149084674
26.1850659176 0.265306122449 0.129253099443
26.8564778642 0.265306122449 0.131304229828
27.5278898108 0.265306122449 0.133303944753
28.1993017574 0.265306122449 0.135253693737
28.870713704 0.265306122449 0.154883812975
29.5421256506 0.265306122449 0.15666312587
30.2135375972 0.265306122449 0.158391229737
30.8849495438 0.265306122449 0.16007003894
31.5563614904 0.265306122449 0.161701391839
32.227773437 0.265306122449 0.163287052859
32.8991853836 0.265306122449 0.164828714711
16.1138867185 0.297959183673 0.0613814064941
16.7852986651 0.297959183673 0.0637325106043
17.4567106117 0.297959183673 0.0941448223095
18.1281225583 0.297959183673 0.0971146677482
18.7995345049 0.297959183673 0.124580420079
19.4709464515 0.297959183673 0.127716834027
20.1423583981 0.297959183673 0.130766294868
20.8137703447 0.297959183673 0.154079273458
21.4851822913 0.297959183673 0.156966943205
22.1565942379 0.297959183673 0.159756526762
22.8280061846 0.297959183673 0.162451972565
23.4994181312 0.297959183673 0.165057103185
24.1708300778 0.297959183673 0.167575610088
24.8422420244 0.297959183673 0.185764000374
25.513653971 0.297959183673 0.1879890673
26.1850659176 0.297959183673 0.190134114566
26.8564778642 0.297959183673 0.192202989036
27.5278898108 0.297959183673 0.194199326798
28.1993017574 0.297959183673 0.196126564068
28.870713704 0.297959183673 0.197987947873
29.5421256506 0.297959183673 0.199786546436
30.2135375972 0.297959183673 0.201525259212
30.8849495438 0.297959183673 0.214454055175
31.5563614904 0.297959183673 0.215945001811
32.227773437 0.297959183673 0.217385654697
32.8991853836 0.297959183673 0.218778408483
13.4282389321 0.330612244898 0.0623528898745
14.0996508787 0.330612244898 0.0939647070784
14.7710628253 0.330612244898 0.123488276507
15.4424747719 0.330612244898 0.12774231286
16.1138867185 0.330612244898 0.154176983022
16.7852986651 0.330612244898 0.158328860592
17.4567106117 0.330612244898 0.16232410425
18.1281225583 0.330612244898 0.184589477681
18.7995345049 0.330612244898 0.18820321461
19.4709464515 0.330612244898 0.191662179427
20.1423583981 0.330612244898 0.194974646886
20.8137703447 0.330612244898 0.198148459501
21.4851822913 0.330612244898 0.215473562485
22.1565942379 0.330612244898 0.218216326668
22.8280061846 0.330612244898 0.220839810276
23.4994181312 0.330612244898 0.22335104258
24.1708300778 0.330612244898 0.225756566113
24.8422420244 0.330612244898 0.228062471531
25.513653971 0.330612244898 0.230274430505
26.1850659176 0.330612244898 0.232397726581
26.8564778642 0.330612244898 0.234437283996
27.5278898108 0.330612244898 0.246498858954
28.1993017574 0.330612244898 0.248231013347
28.870713704 0.330612244898 0.249895559218
29.5421256506 0.330612244898 0.251496240807
30.2135375972 0.330612244898 0.253036541901
30.8849495438 0.330612244898 0.254519707005
31.5563614904 0.330612244898 0.255948760602
32.227773437 0.330612244898 0.257326524703
32.8991853836 0.330612244898 0.258655634822
11.4140030923 0.363265306122 0.0631324085831
12.0854150389 0.363265306122 0.123088482484
12.7568269855 0.363265306122 0.128538808079
13.4282389321 0.363265306122 0.157862885479
14.0996508787 0.363265306122 0.183755368164
14.7710628253 0.363265306122 0.188980890989
15.4424747719 0.363265306122 0.193955816718
16.1138867185 0.363265306122 0.215534095156
16.7852986651 0.363265306122 0.219881594202
17.4567106117 0.363265306122 0.224004564462
18.1281225583 0.363265306122 0.227917926227
18.7995345049 0.363265306122 0.231635539474
19.4709464515 0.363265306122 0.248111047398
20.1423583981 0.363265306122 0.251259977243
20.8137703447 0.363265306122 0.254250598694
21.4851822913 0.363265306122 0.257093828234
22.1565942379 0.363265306122 0.259799676807
22.8280061846 0.363265306122 0.26237733194
23.4994181312 0.363265306122 0.264835232681
24.1708300778 0.363265306122 0.276530593688
24.8422420244 0.363265306122 0.278599333989
25.513653971 0.363265306122 0.280574613028
26.1850659176 0.363265306122 0.282462425144
26.8564778642 0.363265306122 0.284268280682
27.5278898108 0.363265306122 0.285997251888
28.1993017574 0.363265306122 0.287654013942
28.870713704 0.363265306122 0.289242881674
29.5421256506 0.363265306122 0.290767842462
30.2135375972 0.363265306122 0.292232585737
30.8849495438 0.363265306122 0.293640529466
31.5563614904 0.363265306122 0.294994843968
32.227773437 0.363265306122 0.296298473341
32.8991853836 0.363265306122 0.297554154777
9.39976725246 0.395918367347 0.0309200010908
10.0711791991 0.395918367347 0.0948352080725
10.7425911457 0.395918367347 0.15364115362
11.4140030923 0.395918367347 0.160774085728
12.0854150389 0.395918367347 0.189868562135
12.7568269855 0.395918367347 0.215477512078
13.4282389321 0.395918367347 0.221703893982
14.0996508787 0.395918367347 0.227568861541
14.7710628253 0.395918367347 0.248541811113
15.4424747719 0.395918367347 0.253518805159
16.1138867185 0.395918367347 0.258197511202
16.7852986651 0.395918367347 0.262601440124
17.4567106117 0.395918367347 0.278715796511
18.1281225583 0.395918367347 0.282384020155
18.7995345049 0.395918367347 0.28584084804
19.4709464515 0.395918367347 0.289103064253
20.1423583981 0.395918367347 0.292185834131
20.8137703447 0.395918367347 0.295102878736
21.4851822913 0.395918367347 0.306611455935
22.1565942379 0.395918367347 0.309042498137
22.8280061846 0.395918367347 0.311348392253
23.4994181312 0.395918367347 0.313538278783
24.1708300778 0.395918367347 0.315620457259
24.8422420244 0.395918367347 0.317602477335
25.513653971 0.395918367347 0.319491218801
26.1850659176 0.395918367347 0.32129296196
26.8564778642 0.395918367347 0.323013449641
27.5278898108 0.395918367347 0.324657941924
28.1993017574 0.395918367347 0.326231264526
28.870713704 0.395918367347 0.327737851649
29.5421256506 0.395918367347 0.329181783988
30.2135375972 0.395918367347 0.330566822513
30.8849495438 0.395918367347 0.337383930548
31.5563614904 0.395918367347 0.338561322228
32.227773437 0.395918367347 0.339692847508
32.8991853836 0.395918367347 0.340781103119
8.72835530586 0.428571428571 0.122774891779
9.39976725246 0.428571428571 0.157020485637
10.0711791991 0.428571428571 0.189308981477
10.7425911457 0.428571428571 0.218583912075
11.4140030923 0.428571428571 0.226708242145
12.0854150389 0.428571428571 0.251815364252
12.7568269855 0.428571428571 0.258732770682
13.4282389321 0.428571428571 0.279533580153
14.0996508787 0.428571428571 0.285263943068
14.7710628253 0.428571428571 0.29060168103
15.4424747719 0.428571428571 0.306901647379
16.1138867185 0.428571428571 0.311274167069
16.7852986651 0.428571428571 0.315358151348
17.4567106117 0.428571428571 0.319179810706
18.1281225583 0.428571428571 0.322762457586
18.7995345049 0.428571428571 0.326126867117
19.4709464515 0.428571428571 0.337486034651
20.1423583981 0.428571428571 0.340261117357
20.8137703447 0.428571428571 0.342876565798
21.4851822913 0.428571428571 0.345345398263
22.1565942379 0.428571428571 0.347679295331
22.8280061846 0.428571428571 0.349888761988
23.4994181312 0.428571428571 0.351983267574
24.1708300778 0.428571428571 0.353971366881
24.8422420244 0.428571428571 0.355860805161
25.513653971 0.428571428571 0.357658609403
26.1850659176 0.428571428571 0.359371167859
26.8564778642 0.428571428571 0.361004299494
27.5278898108 0.428571428571 0.367798370843
28.1993017574 0.428571428571 0.369179016671
28.870713704 0.428571428571 0.370499069553
29.5421256506 0.428571428571 0.371762385579
30.2135375972 0.428571428571 0.372972504349
30.8849495438 0.428571428571 0.374132680393
31.5563614904 0.428571428571 0.375245910969
32.227773437 0.428571428571 0.376314960703
32.8991853836 0.428571428571 0.377342383493
7.38553141265 0.461224489796 0.0622453026173
8.05694335925 0.461224489796 0.155563542513
8.72835530586 0.461224489796 0.190868360033
9.39976725246 0.461224489796 0.223647215022
10.0711791991 0.461224489796 0.25303169679
10.7425911457 0.461224489796 0.278737699829
11.4140030923 0.461224489796 0.286992360165
12.0854150389 0.461224489796 0.308156106895
12.7568269855 0.461224489796 0.314844181818
13.4282389321 0.461224489796 0.321012143309
14.0996508787 0.461224489796 0.337373566162
14.7710628253 0.461224489796 0.342342517351
15.4424747719 0.461224489796 0.346945913725
16.1138867185 0.461224489796 0.351220793916
16.7852986651 0.461224489796 0.355199614232
17.4567106117 0.461224489796 0.358910892041
18.1281225583 0.461224489796 0.370000477959
18.7995345049 0.461224489796 0.373032687673
19.4709464515 0.461224489796 0.375874753661
20.1423583981 0.461224489796 0.378543577961
20.8137703447 0.461224489796 0.381054168022
21.4851822913 0.461224489796 0.383419887665
22.1565942379 0.461224489796 0.385652670404
22.8280061846 0.461224489796 0.387763201315
23.4994181312 0.461224489796 0.389761072559
24.1708300778 0.461224489796 0.391654916774
24.8422420244 0.461224489796 0.398460837213
25.513653971 0.461224489796 0.400051435197
26.1850659176 0.461224489796 0.401564365061
26.8564778642 0.461224489796 0.403005113341
27.5278898108 0.461224489796 0.404378667751
28.1993017574 0.461224489796 0.40568957194
28.870713704 0.461224489796 0.406941973272
29.5421256506 0.461224489796 0.408139664651
30.2135375972 0.461224489796 0.409286121202
30.8849495438 0.461224489796 0.410384532551
31.5563614904 0.461224489796 0.411437831278
32.227773437 0.461224489796 0.41244871807
32.8991853836 0.461224489796 0.413419684007
6.71411946604 0.49387755102 0.0933885646788
7.38553141265 0.49387755102 0.186272319143
8.05694335925 0.49387755102 0.222678331974
8.72835530586 0.49387755102 0.256108017651
9.39976725246 0.49387755102 0.285831029796
10.0711791991 0.49387755102 0.311685348403
10.7425911457 0.49387755102 0.320842650031
11.4140030923 0.49387755102 0.341842941594
12.0854150389 0.49387755102 0.349106025727
12.7568269855 0.49387755102 0.355749675243
13.4282389321 0.49387755102 0.371715298554
14.0996508787 0.49387755102 0.376990898288
14.7710628253 0.49387755102 0.381848128412
15.4424747719 0.49387755102 0.386332820949
16.1138867185 0.49387755102 0.390484643668
16.7852986651 0.49387755102 0.401534363819
17.4567106117 0.49387755102 0.404890613054
18.1281225583 0.49387755102 0.408017237053
18.7995345049 0.49387755102 0.410936471358
19.4709464515 0.49387755102 0.413667838662
20.1423583981 0.49387755102 0.416228539933
20.8137703447 0.49387755102 0.418633781611
21.4851822913 0.49387755102 0.420897050378
22.1565942379 0.49387755102 0.42303034476
22.8280061846 0.49387755102 0.429814785786
23.4994181312 0.49387755102 0.431594624139
24.1708300778 0.49387755102 0.433279409892
24.8422420244 0.49387755102 0.434876471668
25.513653971 0.49387755102 0.436392412168
26.1850659176 0.49387755102 0.437833194849
26.8564778642 0.49387755102 0.439204218624
27.5278898108 0.49387755102 0.440510382431
28.1993017574 0.49387755102 0.441756141238
28.870713704 0.49387755102 0.442945554755
29.5421256506 0.49387755102 0.444082329937
30.2135375972 0.49387755102 0.445169858156
30.8849495438 0.49387755102 0.44621124782
31.5563614904 0.49387755102 0.447209353052
32.227773437 0.49387755102 0.448166798985
32.8991853836 0.49387755102 0.449086004113
6.04270751944 0.526530612245 0.0932403321581
6.71411946604 0.526530612245 0.189791221381
7.38553141265 0.526530612245 0.251809721704
8.05694335925 0.526530612245 0.286263015055
8.72835530586 0.526530612245 0.316700048785
9.39976725246 0.526530612245 0.343046548348
10.0711791991 0.526530612245 0.353236721353
10.7425911457 0.526530612245 0.374346434133
11.4140030923 0.526530612245 0.382268575316
12.0854150389 0.526530612245 0.39905017413
12.7568269855 0.526530612245 0.405223048941
13.4282389321 0.526530612245 0.410850441
14.0996508787 0.526530612245 0.415998622661
14.7710628253 0.526530612245 0.420724015073
15.4424747719 0.526530612245 0.431979123813
16.1138867185 0.526530612245 0.435751754095
16.7852986651 0.526530612245 0.439242035853
17.4567106117 0.526530612245 0.442479791791
18.1281225583 0.526530612245 0.445490884589
18.7995345049 0.526530612245 0.448297837318
19.4709464515 0.526530612245 0.450920343771
20.1423583981 0.526530612245 0.453375690163
20.8137703447 0.526530612245 0.460303859148
21.4851822913 0.526530612245 0.462334351866
22.1565942379 0.526530612245 0.464245566143
22.8280061846 0.526530612245 0.466047588339
23.4994181312 0.526530612245 0.467749411903
24.1708300778 0.526530612245 0.46935907979
24.8422420244 0.526530612245 0.470883805446
25.513653971 0.526530612245 0.472330075963
26.1850659176 0.526530612245 0.473703740373
26.8564778642 0.526530612245 0.475010085503
27.5278898108 0.526530612245 0.476253901344
28.1993017574 0.526530612245 0.4774395376
28.870713704 0.526530612245 0.478570952738
29.5421256506 0.526530612245 0.479651756682
30.2135375972 0.526530612245 0.480685248076
30.8849495438 0.526530612245 0.481674446894
31.5563614904 0.526530612245 0.482622123074
32.227773437 0.526530612245 0.483530821704
32.8991853836 0.526530612245 0.484402885249
5.37129557284 0.559183673469 0.0614233712346
6.04270751944 0.559183673469 0.214924580068
6.71411946604 0.559183673469 0.277648639438
7.38553141265 0.559183673469 0.313680100299
8.05694335925 0.559183673469 0.345336704011
8.72835530586 0.559183673469 0.372608798321
9.39976725246 0.559183673469 0.384027973371
10.0711791991 0.559183673469 0.405562934495
10.7425911457 0.559183673469 0.414266274963
11.4140030923 0.559183673469 0.431194848081
12.0854150389 0.559183673469 0.437871083502
12.7568269855 0.559183673469 0.443913201292
13.4282389321 0.559183673469 0.449403930593
14.0996508787 0.559183673469 0.461148557487
14.7710628253 0.559183673469 0.465467075111
15.4424747719 0.559183673469 0.469430577527
16.1138867185 0.559183673469 0.473080080055
16.7852986651 0.559183673469 0.476450661884
17.4567106117 0.559183673469 0.479572476788
18.1281225583 0.559183673469 0.482471569378
18.7995345049 0.559183673469 0.485170537972
19.4709464515 0.559183673469 0.492108873118
20.1423583981 0.559183673469 0.494324263148
20.8137703447 0.559183673469 0.496399802728
21.4851822913 0.559183673469 0.498348172954
22.1565942379 0.559183673469 0.500180584247
22.8280061846 0.559183673469 0.501906981154
23.4994181312 0.559183673469 0.503536214229
24.1708300778 0.559183673469 0.505076184944
24.8422420244 0.559183673469 0.506533968399
25.513653971 0.559183673469 0.507915917635
26.1850659176 0.559183673469 0.509227752691
26.8564778642 0.559183673469 0.510474636891
27.5278898108 0.559183673469 0.511661242456
28.1993017574 0.559183673469 0.512791807117
28.870713704 0.559183673469 0.513870183126
29.5421256506 0.559183673469 0.514899879827
30.2135375972 0.559183673469 0.515884100743
30.8849495438 0.559183673469 0.516825775978
31.5563614904 0.559183673469 0.517727590615
32.227773437 0.559183673469 0.520982686051
32.8991853836 0.559183673469 0.521763540875
5.37129557284 0.591836734694 0.186041039505
6.04270751944 0.591836734694 0.279236503018
6.71411946604 0.591836734694 0.337824012135
7.38553141265 0.591836734694 0.371349032805
8.05694335925 0.591836734694 0.400085884646
8.72835530586 0.591836734694 0.413012932042
9.39976725246 0.591836734694 0.43534310667
10.0711791991 0.591836734694 0.444996444992
10.7425911457 0.591836734694 0.462325054938
11.4140030923 0.591836734694 0.469608733921
12.0854150389 0.591836734694 0.47614937072
12.7568269855 0.591836734694 0.482050825925
13.4282389321 0.591836734694 0.493792520401
14.0996508787 0.591836734694 0.498384899891
14.7710628253 0.591836734694 0.502576823592
15.4424747719 0.591836734694 0.506417278592
16.1138867185 0.591836734694 0.509947753975
16.7852986651 0.591836734694 0.513203590152
17.4567106117 0.591836734694 0.520653194255
18.1281225583 0.591836734694 0.523287970413
18.7995345049 0.591836734694 0.525737355403
19.4709464515 0.591836734694 0.528019997233
20.1423583981 0.591836734694 0.530152155171
20.8137703447 0.591836734694 0.532148065714
21.4851822913 0.591836734694 0.53402024409
22.1565942379 0.591836734694 0.535779733992
22.8280061846 0.591836734694 0.537436315527
23.4994181312 0.591836734694 0.538998679208
24.1708300778 0.591836734694 0.540474572238
24.8422420244 0.591836734694 0.541870922048
25.513653971 0.591836734694 0.543193941071
26.1850659176 0.591836734694 0.54444921598
26.8564778642 0.591836734694 0.545641783975
27.5278898108 0.591836734694 0.546776198264
28.1993017574 0.591836734694 0.547856584449
28.870713704 0.591836734694 0.551290027138
29.5421256506 0.591836734694 0.552218454893
30.2135375972 0.591836734694 0.553105526599
30.8849495438 0.591836734694 0.553953932294
31.5563614904 0.591836734694 0.554766134722
32.227773437 0.591836734694 0.555544392737
32.8991853836 0.591836734694 0.556290781886
4.69988362623 0.624489795918 0.122800112969
5.37129557284 0.624489795918 0.275576860765
6.04270751944 0.624489795918 0.340384801906
6.71411946604 0.624489795918 0.378802332732
7.38553141265 0.624489795918 0.411867434402
8.05694335925 0.624489795918 0.439892698396
8.72835530586 0.624489795918 0.463464864135
9.39976725246 0.624489795918 0.474298266366
10.0711791991 0.624489795918 0.492319307521
10.7425911457 0.624489795918 0.500348675667
11.4140030923 0.624489795918 0.507498052467
12.0854150389 0.624489795918 0.513899064091
12.7568269855 0.624489795918 0.525788721652
13.4282389321 0.624489795918 0.530712030356
14.0996508787 0.624489795918 0.535179694694
14.7710628253 0.624489795918 0.539250716651
15.4424747719 0.624489795918 0.54297455764
16.1138867185 0.624489795918 0.546392949689
16.7852986651 0.624489795918 0.553743229404
17.4567106117 0.624489795918 0.556492540033
18.1281225583 0.624489795918 0.559039129426
18.7995345049 0.624489795918 0.56140433228
19.4709464515 0.624489795918 0.563606627691
20.1423583981 0.624489795918 0.565662095804
20.8137703447 0.624489795918 0.567584790566
21.4851822913 0.624489795918 0.569387045828
22.1565942379 0.624489795918 0.571079728133
22.8280061846 0.624489795918 0.572672446634
23.4994181312 0.624489795918 0.57417372828
24.1708300778 0.624489795918 0.575591164765
24.8422420244 0.624489795918 0.576931536345
25.513653971 0.624489795918 0.578200916647
26.1850659176 0.624489795918 0.581811027475
26.8564778642 0.624489795918 0.582893167657
27.5278898108 0.624489795918 0.583922096035
28.1993017574 0.624489795918 0.584901622498
28.870713704 0.624489795918 0.585835203534
29.5421256506 0.624489795918 0.586725982087
30.2135375972 0.624489795918 0.58757682215
30.8849495438 0.624489795918 0.58839033891
31.5563614904 0.624489795918 0.589168925069
32.227773437 0.624489795918 0.589914773924
32.8991853836 0.624489795918 0.590629899628
4.69988362623 0.657142857143 0.216852661393
5.37129557284 0.657142857143 0.336985053276
6.04270751944 0.657142857143 0.381078152606
6.71411946604 0.657142857143 0.433876848261
7.38553141265 0.657142857143 0.464225538724
8.05694335925 0.657142857143 0.479115136139
8.72835530586 0.657142857143 0.501926843592
9.39976725246 0.657142857143 0.520992786574
10.0711791991 0.657142857143 0.529952353262
10.7425911457 0.657142857143 0.537855993041
11.4140030923 0.657142857143 0.551138364273
12.0854150389 0.657142857143 0.557076761329
12.7568269855 0.657142857143 0.562403997307
13.4282389321 0.657142857143 0.567207359977
14.0996508787 0.657142857143 0.571558679137
14.7710628253 0.657142857143 0.57551752037
15.4424747719 0.657142857143 0.583321286098
16.1138867185 0.657142857143 0.586461590948
16.7852986651 0.657142857143 0.589349754713
17.4567106117 0.657142857143 0.59201454233
18.1281225583 0.657142857143 0.594480561718
18.7995345049 0.657142857143 0.596768978991
19.4709464515 0.657142857143 0.598898092758
20.1423583981 0.657142857143 0.600883798467
20.8137703447 0.657142857143 0.602739966306
21.4851822913 0.657142857143 0.604478750682
22.1565942379 0.657142857143 0.606110845169
22.8280061846 0.657142857143 0.607645693695
23.4994181312 0.657142857143 0.609091666439
24.1708300778 0.657142857143 0.612841420551
24.8422420244 0.657142857143 0.614064832484
25.513653971 0.657142857143 0.615222915319
26.1850659176 0.657142857143 0.616320734903
26.8564778642 0.657142857143 0.617362849434
27.5278898108 0.657142857143 0.618353371154
28.1993017574 0.657142857143 0.619296019312
28.870713704 0.657142857143 0.62019416579
29.5421256506 0.657142857143 0.621050874541
30.2135375972 0.657142857143 0.621868935801
30.8849495438 0.657142857143 0.622650895861
31.5563614904 0.657142857143 0.623399083042
32.227773437 0.657142857143 0.624115630445
32.8991853836 0.657142857143 0.624802495913
4.69988362623 0.689795918367 0.28161036369
5.37129557284 0.689795918367 0.376889040345
6.04270751944 0.689795918367 0.437275460274
6.71411946604 0.689795918367 0.472966945783
7.38553141265 0.689795918367 0.502766485717
8.05694335925 0.689795918367 0.527516233495
8.72835530586 0.689795918367 0.539791723988
9.39976725246 0.689795918367 0.558208883381
10.0711791991 0.689795918367 0.567061233835
10.7425911457 0.689795918367 0.574846923604
11.4140030923 0.689795918367 0.587558591759
12.0854150389 0.689795918367 0.593384389027
12.7568269855 0.689795918367 0.598600454032
13.4282389321 0.689795918367 0.603295366051
14.0996508787 0.689795918367 0.607541737847
14.7710628253 0.689795918367 0.615446430446
15.4424747719 0.689795918367 0.61878553867
16.1138867185 0.689795918367 0.621842548742
16.7852986651 0.689795918367 0.624651228342
17.4567106117 0.689795918367 0.627240236862
18.1281225583 0.689795918367 0.629634043555
18.7995345049 0.689795918367 0.63185365703
19.4709464515 0.689795918367 0.633917209239
20.1423583981 0.689795918367 0.635840426355
20.8137703447 0.689795918367 0.637637011023
21.4851822913 0.689795918367 0.639318954666
22.1565942379 0.689795918367 0.643296889559
22.8280061846 0.689795918367 0.644706220216
23.4994181312 0.689795918367 0.646033261624
24.1708300778 0.689795918367 0.647284967507
24.8422420244 0.689795918367 0.648467534553
25.513653971 0.689795918367 0.64958650208
26.1850659176 0.689795918367 0.650646836464
26.8564778642 0.689795918367 0.651653002939
27.5278898108 0.689795918367 0.65260902693
28.1993017574 0.689795918367 0.653518546628
28.870713704 0.689795918367 0.654384858248
29.5421256506 0.689795918367 0.655210955096
30.2135375972 0.689795918367 0.655999561441
30.8849495438 0.689795918367 0.656753161945
31.5563614904 0.689795918367 0.65747402734
32.227773437 0.689795918367 0.658164236875
32.8991853836 0.689795918367 0.65882569801
4.02847167963 0.722448979592 0.184449385002
4.69988362623 0.722448979592 0.343796889501
5.37129557284 0.722448979592 0.433722079475
6.04270751944 0.722448979592 0.475973498066
6.71411946604 0.722448979592 0.523078802121
7.38553141265 0.722448979592 0.540598905736
8.05694335925 0.722448979592 0.564788109611
8.72835530586 0.722448979592 0.584802530012
9.39976725246 0.722448979592 0.594867670959
10.0711791991 0.722448979592 0.603628602501
10.7425911457 0.722448979592 0.617082577429
11.4140030923 0.722448979592 0.623531871903
12.0854150389 0.722448979592 0.629261390935
12.7568269855 0.722448979592 0.634382010338
13.4282389321 0.722448979592 0.643139247857
14.0996508787 0.722448979592 0.647089007522
14.7710628253 0.722448979592 0.650671726312
15.4424747719 0.722448979592 0.653935404614
16.1138867185 0.722448979592 0.656920155721
16.7852986651 0.722448979592 0.659659737737
17.4567106117 0.722448979592 0.662182746866
18.1281225583 0.722448979592 0.664513555109
18.7995345049 0.722448979592 0.666673053199
19.4709464515 0.722448979592 0.668679243853
20.1423583981 0.722448979592 0.670547718971
20.8137703447 0.722448979592 0.674664846743
21.4851822913 0.722448979592 0.67621821422
22.1565942379 0.722448979592 0.677674619643
22.8280061846 0.722448979592 0.679042796889
23.4994181312 0.722448979592 0.680330468954
24.1708300778 0.722448979592 0.681544489115
24.8422420244 0.722448979592 0.682690959229
25.513653971 0.722448979592 0.683775329354
26.1850659176 0.722448979592 0.684802482018
26.8564778642 0.722448979592 0.685776803811
27.5278898108 0.722448979592 0.686702246471
28.1993017574 0.722448979592 0.687582379193
28.870713704 0.722448979592 0.68842043361
29.5421256506 0.722448979592 0.689219342589
30.2135375972 0.722448979592 0.689981773836
30.8849495438 0.722448979592 0.690710159065
31.5563614904 0.722448979592 0.691406719435
32.227773437 0.722448979592 0.692073487758
32.8991853836 0.722448979592 0.692712327982
4.02847167963 0.755102040816 0.24880862431
4.69988362623 0.755102040816 0.402586703944
5.37129557284 0.755102040816 0.471535306194
6.04270751944 0.755102040816 0.526972552698
6.71411946604 0.755102040816 0.559980838225
7.38553141265 0.755102040816 0.587044817672
8.05694335925 0.755102040816 0.601336842975
8.72835530586 0.755102040816 0.620904428048
9.39976725246 0.755102040816 0.630922828379
10.0711791991 0.755102040816 0.645417257833
10.7425911457 0.755102040816 0.652658516914
11.4140030923 0.755102040816 0.659036240681
12.0854150389 0.755102040816 0.664691558339
12.7568269855 0.755102040816 0.673853484189
13.4282389321 0.755102040816 0.678161970159
14.0996508787 0.755102040816 0.682046700871
14.7710628253 0.755102040816 0.685566048641
15.4424747719 0.755102040816 0.688768322784
16.1138867185 0.755102040816 0.691693813458
16.7852986651 0.755102040816 0.694376364439
17.4567106117 0.755102040816 0.69684459495
18.1281225583 0.755102040816 0.699122857361
18.7995345049 0.755102040816 0.701231994236
19.4709464515 0.755102040816 0.705565808613
20.1423583981 0.755102040816 0.707302552305
20.8137703447 0.755102040816 0.708922867012
21.4851822913 0.755102040816 0.710437974705
22.1565942379 0.755102040816 0.71185771203
22.8280061846 0.755102040816 0.713190736038
23.4994181312 0.755102040816 0.714444694568
24.1708300778 0.755102040816 0.715626368137
24.8422420244 0.755102040816 0.716741788695
25.513653971 0.755102040816 0.717796339505
26.1850659176 0.755102040816 0.718794839548
26.8564778642 0.755102040816 0.719741615149
27.5278898108 0.755102040816 0.720640561027
28.1993017574 0.755102040816 0.721495192527
28.870713704 0.755102040816 0.722308690489
29.5421256506 0.755102040816 0.723083939918
30.2135375972 0.755102040816 0.723823563445
30.8849495438 0.755102040816 0.724529950354
31.5563614904 0.755102040816 0.725205281867
32.227773437 0.755102040816 0.725851553214
32.8991853836 0.755102040816 0.726470592967
4.02847167963 0.787755102041 0.311199362463
4.69988362623 0.787755102041 0.439414422265
5.37129557284 0.787755102041 0.522996857906
6.04270751944 0.787755102041 0.56309070457
6.71411946604 0.787755102041 0.595898122637
7.38553141265 0.787755102041 0.62268531837
8.05694335925 0.787755102041 0.64461074157
8.72835530586 0.787755102041 0.656279650039
9.39976725246 0.787755102041 0.66629338771
10.0711791991 0.787755102041 0.680472706042
10.7425911457 0.787755102041 0.687683179753
11.4140030923 0.787755102041 0.694021562597
12.0854150389 0.787755102041 0.699632085257
12.7568269855 0.787755102041 0.708524232744
13.4282389321 0.787755102041 0.712789446716
14.0996508787 0.787755102041 0.716630005846
14.7710628253 0.787755102041 0.720105009688
15.4424747719 0.787755102041 0.723263278277
16.1138867185 0.787755102041 0.726145456689
16.7852986651 0.787755102041 0.728785630945
17.4567106117 0.787755102041 0.731212580721
18.1281225583 0.787755102041 0.735865353026
18.7995345049 0.787755102041 0.737840667153
19.4709464515 0.787755102041 0.739672998811
20.1423583981 0.787755102041 0.741377157679
20.8137703447 0.787755102041 0.742965996907
21.4851822913 0.787755102041 0.744450722926
22.1565942379 0.787755102041 0.745841148706
22.8280061846 0.787755102041 0.747145902034
23.4994181312 0.787755102041 0.748372597809
24.1708300778 0.787755102041 0.749527981346
24.8422420244 0.787755102041 0.750618048184
25.513653971 0.787755102041 0.751648144747
26.1850659176 0.787755102041 0.752623053318
26.8564778642 0.787755102041 0.753547064075
27.5278898108 0.787755102041 0.754424036436
28.1993017574 0.787755102041 0.755257451498
28.870713704 0.787755102041 0.756050457033
29.5421256506 0.787755102041 0.756805906246
30.2135375972 0.787755102041 0.757526391279
30.8849495438 0.787755102041 0.758214272257
31.5563614904 0.787755102041 0.758871702561
32.227773437 0.787755102041 0.759500650884
32.8991853836 0.787755102041 0.76010292053
4.02847167963 0.820408163265 0.370399496106
4.69988362623 0.820408163265 0.492499811551
5.37129557284 0.820408163265 0.557722743228
6.04270751944 0.820408163265 0.597872436621
6.71411946604 0.820408163265 0.630591527311
7.38553141265 0.820408163265 0.657236373008
8.05694335925 0.820408163265 0.679006944773
8.72835530586 0.820408163265 0.690766513427
9.39976725246 0.820408163265 0.706514461803
10.0711791991 0.820408163265 0.714816163944
10.7425911457 0.820408163265 0.722044754514
11.4140030923 0.820408163265 0.728387984626
12.0854150389 0.820408163265 0.737943066813
12.7568269855 0.820408163265 0.742697880251
13.4282389321 0.820408163265 0.746950585868
14.0996508787 0.820408163265 0.75077475986
14.7710628253 0.820408163265 0.754230580492
15.4424747719 0.820408163265 0.757367686586
16.1138867185 0.820408163265 0.760227346982
16.7852986651 0.820408163265 0.765343028879
17.4567106117 0.820408163265 0.767637847383
18.1281225583 0.820408163265 0.769752219874
18.7995345049 0.820408163265 0.771706320076
19.4709464515 0.820408163265 0.773517460461
20.1423583981 0.820408163265 0.775200576397
20.8137703447 0.820408163265 0.776768616228
21.4851822913 0.820408163265 0.778232857732
22.1565942379 0.820408163265 0.779603166527
22.8280061846 0.820408163265 0.780888208372
23.4994181312 0.820408163265 0.782095624609
24.1708300778 0.820408163265 0.783232177942
24.8422420244 0.820408163265 0.784303874195
25.513653971 0.820408163265 0.785316064523
26.1850659176 0.820408163265 0.786273531603
26.8564778642 0.820408163265 0.787180562655
27.5278898108 0.820408163265 0.788041011551
28.1993017574 0.820408163265 0.78885835188
28.870713704 0.820408163265 0.789635722432
29.5421256506 0.820408163265 0.790375966357
30.2135375972 0.820408163265 0.791081664972
30.8849495438 0.820408163265 0.791755167065
31.5563614904 0.820408163265 0.792398614364
32.227773437 0.820408163265 0.793013963748
32.8991853836 0.820408163265 0.793603006674
3.35705973302 0.85306122449 0.0922392701563
4.02847167963 0.85306122449 0.404276340202
4.69988362623 0.85306122449 0.525575151667
5.37129557284 0.85306122449 0.590643859904
6.04270751944 0.85306122449 0.630929177432
6.71411946604 0.85306122449 0.663696851739
7.38553141265 0.85306122449 0.690361305193
8.05694335925 0.85306122449 0.712143149354
8.72835530586 0.85306122449 0.724083079357
9.39976725246 0.85306122449 0.739802818001
10.0711791991 0.85306122449 0.748216463052
10.7425911457 0.85306122449 0.755531883886
11.4140030923 0.85306122449 0.766019308456
12.0854150389 0.85306122449 0.77142092954
12.7568269855 0.85306122449 0.776217030261
13.4282389321 0.85306122449 0.780500896665
14.0996508787 0.85306122449 0.78434808207
14.7710628253 0.85306122449 0.787820335106
15.4424747719 0.85306122449 0.790968548873
16.1138867185 0.85306122449 0.796354599117
16.7852986651 0.85306122449 0.798858535556
17.4567106117 0.85306122449 0.801155513399
18.1281225583 0.85306122449 0.803269704916
18.7995345049 0.85306122449 0.805221718167
19.4709464515 0.85306122449 0.807029221515
20.1423583981 0.85306122449 0.808707442891
20.8137703447 0.85306122449 0.810269571851
21.4851822913 0.85306122449 0.811727085561
22.1565942379 0.85306122449 0.813090014834
22.8280061846 0.85306122449 0.814367162562
23.4994181312 0.85306122449 0.815566284109
24.1708300778 0.85306122449 0.816694237097
24.8422420244 0.85306122449 0.817757106447
25.513653971 0.85306122449 0.818760309244
26.1850659176 0.85306122449 0.819708683135
26.8564778642 0.85306122449 0.82060656114
27.5278898108 0.85306122449 0.821457835264
28.1993017574 0.85306122449 0.822266010785
28.870713704 0.85306122449 0.823034252772
29.5421256506 0.85306122449 0.823765426092
30.2135375972 0.85306122449 0.82446212994
30.8849495438 0.85306122449 0.825126727734
31.5563614904 0.85306122449 0.826838830186
32.227773437 0.85306122449 0.827420446045
32.8991853836 0.85306122449 0.827976989854
3.35705973302 0.885714285714 0.184145323736
4.02847167963 0.885714285714 0.436226091379
4.69988362623 0.885714285714 0.556319361858
5.37129557284 0.885714285714 0.621196657977
6.04270751944 0.885714285714 0.66168429114
6.71411946604 0.885714285714 0.694637269936
7.38553141265 0.885714285714 0.72149714187
8.05694335925 0.885714285714 0.743482493208
8.72835530586 0.885714285714 0.755720244422
9.39976725246 0.885714285714 0.771600804309
10.0711791991 0.885714285714 0.780232147761
10.7425911457 0.885714285714 0.787732139658
11.4140030923 0.885714285714 0.798312949311
12.0854150389 0.885714285714 0.803848434552
12.7568269855 0.885714285714 0.80875846349
13.4282389321 0.885714285714 0.813139464814
14.0996508787 0.885714285714 0.817069598485
14.7710628253 0.885714285714 0.820612780544
15.4424747719 0.885714285714 0.823821711033
16.1138867185 0.885714285714 0.829208123146
16.7852986651 0.885714285714 0.831756384535
17.4567106117 0.885714285714 0.834091394843
18.1281225583 0.885714285714 0.836238220819
18.7995345049 0.885714285714 0.838218225296
19.4709464515 0.885714285714 0.840049715574
20.1423583981 0.885714285714 0.841748462172
20.8137703447 0.885714285714 0.843328116828
21.4851822913 0.885714285714 0.844800551582
22.1565942379 0.885714285714 0.846176135589
22.8280061846 0.885714285714 0.847463962454
23.4994181312 0.885714285714 0.848672038
24.1708300778 0.885714285714 0.849807436194
24.8422420244 0.885714285714 0.850876429288
25.513653971 0.885714285714 0.851884596972
26.1850659176 0.885714285714 0.852836918347
26.8564778642 0.885714285714 0.853737849763
27.5278898108 0.885714285714 0.854591390972
28.1993017574 0.885714285714 0.855401141571
28.870713704 0.885714285714 0.857318845415
29.5421256506 0.885714285714 0.858020421359
30.2135375972 0.885714285714 0.858688537423
30.8849495438 0.885714285714 0.859325508996
31.5563614904 0.885714285714 0.85993344444
32.227773437 0.885714285714 0.860514267546
32.8991853836 0.885714285714 0.861069737156
3.35705973302 0.918367346939 0.216073303211
4.02847167963 0.918367346939 0.46567738263
4.69988362623 0.918367346939 0.5840603986
5.37129557284 0.918367346939 0.64859781536
6.04270751944 0.918367346939 0.689274272636
6.71411946604 0.918367346939 0.722488239562
7.38553141265 0.918367346939 0.749684241652
8.05694335925 0.918367346939 0.772057731476
8.72835530586 0.918367346939 0.784725726761
9.39976725246 0.918367346939 0.800986240412
10.0711791991 0.918367346939 0.809974110668
10.7425911457 0.918367346939 0.817792751329
11.4140030923 0.918367346939 0.828679335203
12.0854150389 0.918367346939 0.834468888567
12.7568269855 0.918367346939 0.839605004944
13.4282389321 0.918367346939 0.844187383014
14.0996508787 0.918367346939 0.848297091878
14.7710628253 0.918367346939 0.852000620141
15.4424747719 0.918367346939 0.857966122687
16.1138867185 0.918367346939 0.860882889491
16.7852986651 0.918367346939 0.863543664002
17.4567106117 0.918367346939 0.865979587949
18.1281225583 0.918367346939 0.86821708172
18.7995345049 0.918367346939 0.870278687726
19.4709464515 0.918367346939 0.872183742262
20.1423583981 0.918367346939 0.873948914665
20.8137703447 0.918367346939 0.87558864296
21.4851822913 0.918367346939 0.877115488157
22.1565942379 0.918367346939 0.87854042416
22.8280061846 0.918367346939 0.879873076355
23.4994181312 0.918367346939 0.881121919047
24.1708300778 0.918367346939 0.882294439688
24.8422420244 0.918367346939 0.883397276164
25.513653971 0.918367346939 0.88443633209
26.1850659176 0.918367346939 0.885416874074
26.8564778642 0.918367346939 0.886343614123
27.5278898108 0.918367346939 0.888423589616
28.1993017574 0.918367346939 0.889220853873
28.870713704 0.918367346939 0.889977564822
29.5421256506 0.918367346939 0.89069669094
30.2135375972 0.918367346939 0.891380921794
30.8849495438 0.918367346939 0.892032699668
31.5563614904 0.918367346939 0.892654247017
32.227773437 0.918367346939 0.893247590384
32.8991853836 0.918367346939 0.893814581293
3.35705973302 0.951020408163 0.246744672337
4.02847167963 0.951020408163 0.492005115999
4.69988362623 0.951020408163 0.592798365853
5.37129557284 0.951020408163 0.65939605565
6.04270751944 0.951020408163 0.712452306637
6.71411946604 0.951020408163 0.745812427044
7.38553141265 0.951020408163 0.773316889869
8.05694335925 0.951020408163 0.796129624869
8.72835530586 0.951020408163 0.809299916966
9.39976725246 0.951020408163 0.820633614076
10.0711791991 0.951020408163 0.835569868955
10.7425911457 0.951020408163 0.843845811352
11.4140030923 0.951020408163 0.851127542998
12.0854150389 0.951020408163 0.861474384303
12.7568269855 0.951020408163 0.866990997223
13.4282389321 0.951020408163 0.87192656454
14.0996508787 0.951020408163 0.87636371513
14.7710628253 0.951020408163 0.88037057338
15.4424747719 0.951020408163 0.884003753951
16.1138867185 0.951020408163 0.889915892085
16.7852986651 0.951020408163 0.892813896774
17.4567106117 0.951020408163 0.895468962676
18.1281225583 0.951020408163 0.897909006133
18.7995345049 0.951020408163 0.900157953104
19.4709464515 0.951020408163 0.902236413605
20.1423583981 0.951020408163 0.90416222553
20.8137703447 0.951020408163 0.905950896204
21.4851822913 0.951020408163 0.907615963254
22.1565942379 0.951020408163 0.90916929134
22.8280061846 0.951020408163 0.910621317553
23.4994181312 0.951020408163 0.911981255452
24.1708300778 0.951020408163 0.913257265579
24.8422420244 0.951020408163 0.914456598642
25.513653971 0.951020408163 0.915585716296
26.1850659176 0.951020408163 0.916650393463
26.8564778642 0.951020408163 0.918953844348
27.5278898108 0.951020408163 0.919865690172
28.1993017574 0.951020408163 0.920729174771
28.870713704 0.951020408163 0.921547929308
29.5421256506 0.951020408163 0.922325238907
30.2135375972 0.951020408163 0.92306408214
30.8849495438 0.951020408163 0.92376716532
31.5563614904 0.951020408163 0.924436952348
32.227773437 0.951020408163 0.925075690781
32.8991853836 0.951020408163 0.925685434649
3.35705973302 0.983673469388 0.275565113564
4.02847167963 0.983673469388 0.495281762478
4.69988362623 0.983673469388 0.612717038262
5.37129557284 0.983673469388 0.677717238151
6.04270751944 0.983673469388 0.719362534923
6.71411946604 0.983673469388 0.753749784369
7.38553141265 0.983673469388 0.782311210282
8.05694335925 0.983673469388 0.806202378499
8.72835530586 0.983673469388 0.820105429606
9.39976725246 0.983673469388 0.837989252004
10.0711791991 0.983673469388 0.848164931632
10.7425911457 0.983673469388 0.861937473818
11.4140030923 0.983673469388 0.869609826242
12.0854150389 0.983673469388 0.876450407907
12.7568269855 0.983673469388 0.882584502455
13.4282389321 0.983673469388 0.891739516572
14.0996508787 0.983673469388 0.896576396363
14.7710628253 0.983673469388 0.900974497032
15.4424747719 0.983673469388 0.904989469973
16.1138867185 0.983673469388 0.908668019435
16.7852986651 0.983673469388 0.912049620249
17.4567106117 0.983673469388 0.915167856745
18.1281225583 0.983673469388 0.920547107958
18.7995345049 0.983673469388 0.923127747753
19.4709464515 0.983673469388 0.925525985184
20.1423583981 0.983673469388 0.927759878517
20.8137703447 0.983673469388 0.929845201523
21.4851822913 0.983673469388 0.931795792292
22.1565942379 0.983673469388 0.933623840229
22.8280061846 0.983673469388 0.935340123583
23.4994181312 0.983673469388 0.936954207178
24.1708300778 0.983673469388 0.938474607865
24.8422420244 0.983673469388 0.939908933691
25.513653971 0.983673469388 0.941264001503
26.1850659176 0.983673469388 0.942545936782
26.8564778642 0.983673469388 0.943760258768
27.5278898108 0.983673469388 0.944911953319
28.1993017574 0.983673469388 0.946005535538
28.870713704 0.983673469388 0.947045103782
29.5421256506 0.983673469388 0.949401405494
30.2135375972 0.983673469388 0.950309183524
30.8849495438 0.983673469388 0.95117466681
31.5563614904 0.983673469388 0.952000606878
32.227773437 0.983673469388 0.9527895265
32.8991853836 0.983673469388 0.953543742807
3.35705973302 1.01632653061 0.275565113564
4.02847167963 1.01632653061 0.495281762478
4.69988362623 1.01632653061 0.612717038262
5.37129557284 1.01632653061 0.677717238151
6.04270751944 1.01632653061 0.719362534923
6.71411946604 1.01632653061 0.753749784369
7.38553141265 1.01632653061 0.782311210282
8.05694335925 1.01632653061 0.806202378499
8.72835530586 1.01632653061 0.820105429606
9.39976725246 1.01632653061 0.837989252004
10.0711791991 1.01632653061 0.848164931632
10.7425911457 1.01632653061 0.861937473818
11.4140030923 1.01632653061 0.869609826242
12.0854150389 1.01632653061 0.876450407907
12.7568269855 1.01632653061 0.882584502455
13.4282389321 1.01632653061 0.891739516572
14.0996508787 1.01632653061 0.896576396363
14.7710628253 1.01632653061 0.900974497032
15.4424747719 1.01632653061 0.904989469973
16.1138867185 1.01632653061 0.908668019435
16.7852986651 1.01632653061 0.912049620249
17.4567106117 1.01632653061 0.915167856745
18.1281225583 1.01632653061 0.920547107958
18.7995345049 1.01632653061 0.923127747753
19.4709464515 1.01632653061 0.925525985184
20.1423583981 1.01632653061 0.927759878517
20.8137703447 1.01632653061 0.929845201523
21.4851822913 1.01632653061 0.931795792292
22.1565942379 1.01632653061 0.933623840229
22.8280061846 1.01632653061 0.935340123583
23.4994181312 1.01632653061 0.936954207178
24.1708300778 1.01632653061 0.938474607865
24.8422420244 1.01632653061 0.939908933691
25.513653971 1.01632653061 0.941264001503
26.1850659176 1.01632653061 0.942545936782
26.8564778642 1.01632653061 0.943760258768
27.5278898108 1.01632653061 0.944911953319
28.1993017574 1.01632653061 0.946005535538
28.870713704 1.01632653061 0.947045103782
29.5421256506 1.01632653061 0.949401405494
30.2135375972 1.01632653061 0.950309183524
30.8849495438 1.01632653061 0.95117466681
31.5563614904 1.01632653061 0.952000606878
32.227773437 1.01632653061 0.9527895265
32.8991853836 1.01632653061 0.953543742807
3.35705973302 1.04897959184 0.246744672337
4.02847167963 1.04897959184 0.492005115999
4.69988362623 1.04897959184 0.592798365853
5.37129557284 1.04897959184 0.65939605565
6.04270751944 1.04897959184 0.712452306637
6.71411946604 1.04897959184 0.745812427044
7.38553141265 1.04897959184 0.773316889869
8.05694335925 1.04897959184 0.796129624869
8.72835530586 1.04897959184 0.809299916966
9.39976725246 1.04897959184 0.820633614076
10.0711791991 1.04897959184 0.835569868955
10.7425911457 1.04897959184 0.843845811352
11.4140030923 1.04897959184 0.851127542998
12.0854150389 1.04897959184 0.861474384303
12.7568269855 1.04897959184 0.866990997223
13.4282389321 1.04897959184 0.87192656454
14.0996508787 1.04897959184 0.87636371513
14.7710628253 1.04897959184 0.88037057338
15.4424747719 1.04897959184 0.884003753951
16.1138867185 1.04897959184 0.889915892085
16.7852986651 1.04897959184 0.892813896774
17.4567106117 1.04897959184 0.895468962676
18.1281225583 1.04897959184 0.897909006133
18.7995345049 1.04897959184 0.900157953104
19.4709464515 1.04897959184 0.902236413605
20.1423583981 1.04897959184 0.90416222553
20.8137703447 1.04897959184 0.905950896204
21.4851822913 1.04897959184 0.907615963254
22.1565942379 1.04897959184 0.90916929134
22.8280061846 1.04897959184 0.910621317553
23.4994181312 1.04897959184 0.911981255452
24.1708300778 1.04897959184 0.913257265579
24.8422420244 1.04897959184 0.914456598642
25.513653971 1.04897959184 0.915585716296
26.1850659176 1.04897959184 0.916650393463
26.8564778642 1.04897959184 0.918953844348
27.5278898108 1.04897959184 0.919865690172
28.1993017574 1.04897959184 0.920729174771
28.870713704 1.04897959184 0.921547929308
29.5421256506 1.04897959184 0.922325238907
30.2135375972 1.04897959184 0.92306408214
30.8849495438 1.04897959184 0.92376716532
31.5563614904 1.04897959184 0.924436952348
32.227773437 1.04897959184 0.925075690781
32.8991853836 1.04897959184 0.925685434649
3.35705973302 1.08163265306 0.216073303211
4.02847167963 1.08163265306 0.46567738263
4.69988362623 1.08163265306 0.5840603986
5.37129557284 1.08163265306 0.64859781536
6.04270751944 1.08163265306 0.689274272636
6.71411946604 1.08163265306 0.722488239562
7.38553141265 1.08163265306 0.749684241652
8.05694335925 1.08163265306 0.772057731476
8.72835530586 1.08163265306 0.784725726761
9.39976725246 1.08163265306 0.800986240412
10.0711791991 1.08163265306 0.809974110668
10.7425911457 1.08163265306 0.817792751329
11.4140030923 1.08163265306 0.828679335203
12.0854150389 1.08163265306 0.834468888567
12.7568269855 1.08163265306 0.839605004944
13.4282389321 1.08163265306 0.844187383014
14.0996508787 1.08163265306 0.848297091878
14.7710628253 1.08163265306 0.852000620141
15.4424747719 1.08163265306 0.857966122687
16.1138867185 1.08163265306 0.860882889491
16.7852986651 1.08163265306 0.863543664002
17.4567106117 1.08163265306 0.865979587949
18.1281225583 1.08163265306 0.86821708172
18.7995345049 1.08163265306 0.870278687726
19.4709464515 1.08163265306 0.872183742262
20.1423583981 1.08163265306 0.873948914665
20.8137703447 1.08163265306 0.87558864296
21.4851822913 1.08163265306 0.877115488157
22.1565942379 1.08163265306 0.87854042416
22.8280061846 1.08163265306 0.879873076355
23.4994181312 1.08163265306 0.881121919047
24.1708300778 1.08163265306 0.882294439688
24.8422420244 1.08163265306 0.883397276164
25.513653971 1.08163265306 0.88443633209
26.1850659176 1.08163265306 0.885416874074
26.8564778642 1.08163265306 0.886343614123
27.5278898108 1.08163265306 0.888423589616
28.1993017574 1.08163265306 0.889220853873
28.870713704 1.08163265306 0.889977564822
29.5421256506 1.08163265306 0.89069669094
30.2135375972 1.08163265306 0.891380921794
30.8849495438 1.08163265306 0.892032699668
31.5563614904 1.08163265306 0.892654247017
32.227773437 1.08163265306 0.893247590384
32.8991853836 1.08163265306 0.893814581293
3.35705973302 1.11428571429 0.184145323736
4.02847167963 1.11428571429 0.436226091379
4.69988362623 1.11428571429 0.556319361858
5.37129557284 1.11428571429 0.621196657977
6.04270751944 1.11428571429 0.66168429114
6.71411946604 1.11428571429 0.694637269936
7.38553141265 1.11428571429 0.72149714187
8.05694335925 1.11428571429 0.743482493208
8.72835530586 1.11428571429 0.755720244422
9.39976725246 1.11428571429 0.771600804309
10.0711791991 1.11428571429 0.780232147761
10.7425911457 1.11428571429 0.787732139658
11.4140030923 1.11428571429 0.798312949311
12.0854150389 1.11428571429 0.803848434552
12.7568269855 1.11428571429 0.80875846349
13.4282389321 1.11428571429 0.813139464814
14.0996508787 1.11428571429 0.817069598485
14.7710628253 1.11428571429 0.820612780544
15.4424747719 1.11428571429 0.823821711033
16.1138867185 1.11428571429 0.829208123146
16.7852986651 1.11428571429 0.831756384535
17.4567106117 1.11428571429 0.834091394843
18.1281225583 1.11428571429 0.836238220819
18.7995345049 1.11428571429 0.838218225296
19.4709464515 1.11428571429 0.840049715574
20.1423583981 1.11428571429 0.841748462172
20.8137703447 1.11428571429 0.843328116828
21.4851822913 1.11428571429 0.844800551582
22.1565942379 1.11428571429 0.846176135589
22.8280061846 1.11428571429 0.847463962454
23.4994181312 1.11428571429 0.848672038
24.1708300778 1.11428571429 0.849807436194
24.8422420244 1.11428571429 0.850876429288
25.513653971 1.11428571429 0.851884596972
26.1850659176 1.11428571429 0.852836918347
26.8564778642 1.11428571429 0.853737849763
27.5278898108 1.11428571429 0.854591390972
28.1993017574 1.11428571429 0.855401141571
28.870713704 1.11428571429 0.857318845415
29.5421256506 1.11428571429 0.858020421359
30.2135375972 1.11428571429 0.858688537423
30.8849495438 1.11428571429 0.859325508996
31.5563614904 1.11428571429 0.85993344444
32.227773437 1.11428571429 0.860514267546
32.8991853836 1.11428571429 0.861069737156
3.35705973302 1.14693877551 0.0922392701563
4.02847167963 1.14693877551 0.404276340202
4.69988362623 1.14693877551 0.525575151667
5.37129557284 1.14693877551 0.590643859904
6.04270751944 1.14693877551 0.630929177432
6.71411946604 1.14693877551 0.663696851739
7.38553141265 1.14693877551 0.690361305193
8.05694335925 1.14693877551 0.712143149354
8.72835530586 1.14693877551 0.724083079357
9.39976725246 1.14693877551 0.739802818001
10.0711791991 1.14693877551 0.748216463052
10.7425911457 1.14693877551 0.755531883886
11.4140030923 1.14693877551 0.766019308456
12.0854150389 1.14693877551 0.77142092954
12.7568269855 1.14693877551 0.776217030261
13.4282389321 1.14693877551 0.780500896665
14.0996508787 1.14693877551 0.78434808207
14.7710628253 1.14693877551 0.787820335106
15.4424747719 1.14693877551 0.790968548873
16.1138867185 1.14693877551 0.796354599117
16.7852986651 1.14693877551 0.798858535556
17.4567106117 1.14693877551 0.801155513399
18.1281225583 1.14693877551 0.803269704916
18.7995345049 1.14693877551 0.805221718167
19.4709464515 1.14693877551 0.807029221515
20.1423583981 1.14693877551 0.808707442891
20.8137703447 1.14693877551 0.810269571851
21.4851822913 1.14693877551 0.811727085561
22.1565942379 1.14693877551 0.813090014834
22.8280061846 1.14693877551 0.814367162562
23.4994181312 1.14693877551 0.815566284109
24.1708300778 1.14693877551 0.816694237097
24.8422420244 1.14693877551 0.817757106447
25.513653971 1.14693877551 0.818760309244
26.1850659176 1.14693877551 0.819708683135
26.8564778642 1.14693877551 0.82060656114
27.5278898108 1.14693877551 0.821457835264
28.1993017574 1.14693877551 0.822266010785
28.870713704 1.14693877551 0.823034252772
29.5421256506 1.14693877551 0.823765426092
30.2135375972 1.14693877551 0.82446212994
30.8849495438 1.14693877551 0.825126727734
31.5563614904 1.14693877551 0.826838830186
32.227773437 1.14693877551 0.827420446045
32.8991853836 1.14693877551 0.827976989854
4.02847167963 1.17959183673 0.370399496106
4.69988362623 1.17959183673 0.492499811551
5.37129557284 1.17959183673 0.557722743228
6.04270751944 1.17959183673 0.597872436621
6.71411946604 1.17959183673 0.630591527311
7.38553141265 1.17959183673 0.657236373008
8.05694335925 1.17959183673 0.679006944773
8.72835530586 1.17959183673 0.690766513427
9.39976725246 1.17959183673 0.706514461803
10.0711791991 1.17959183673 0.714816163944
10.7425911457 1.17959183673 0.722044754514
11.4140030923 1.17959183673 0.728387984626
12.0854150389 1.17959183673 0.737943066813
12.7568269855 1.17959183673 0.742697880251
13.4282389321 1.17959183673 0.746950585868
14.0996508787 1.17959183673 0.75077475986
14.7710628253 1.17959183673 0.754230580492
15.4424747719 1.17959183673 0.757367686586
16.1138867185 1.17959183673 0.760227346982
16.7852986651 1.17959183673 0.765343028879
17.4567106117 1.17959183673 0.767637847383
18.1281225583 1.17959183673 0.769752219874
18.7995345049 1.17959183673 0.771706320076
19.4709464515 1.17959183673 0.773517460461
20.1423583981 1.17959183673 0.775200576397
20.8137703447 1.17959183673 0.776768616228
21.4851822913 1.17959183673 0.778232857732
22.1565942379 1.17959183673 0.779603166527
22.8280061846 1.17959183673 0.780888208372
23.4994181312 1.17959183673 0.782095624609
24.1708300778 1.17959183673 0.783232177942
24.8422420244 1.17959183673 0.784303874195
25.513653971 1.17959183673 0.785316064523
26.1850659176 1.17959183673 0.786273531603
26.8564778642 1.17959183673 0.787180562655
27.5278898108 1.17959183673 0.788041011551
28.1993017574 1.17959183673 0.78885835188
28.870713704 1.17959183673 0.789635722432
29.5421256506 1.17959183673 0.790375966357
30.2135375972 1.17959183673 0.791081664972
30.8849495438 1.17959183673 0.791755167065
31.5563614904 1.17959183673 0.792398614364
32.227773437 1.17959183673 0.793013963748
32.8991853836 1.17959183673 0.793603006674
4.02847167963 1.21224489796 0.311199362463
4.69988362623 1.21224489796 0.439414422265
5.37129557284 1.21224489796 0.522996857906
6.04270751944 1.21224489796 0.56309070457
6.71411946604 1.21224489796 0.595898122637
7.38553141265 1.21224489796 0.62268531837
8.05694335925 1.21224489796 0.64461074157
8.72835530586 1.21224489796 0.656279650039
9.39976725246 1.21224489796 0.66629338771
10.0711791991 1.21224489796 0.680472706042
10.7425911457 1.21224489796 0.687683179753
11.4140030923 1.21224489796 0.694021562597
12.0854150389 1.21224489796 0.699632085257
12.7568269855 1.21224489796 0.708524232744
13.4282389321 1.21224489796 0.712789446716
14.0996508787 1.21224489796 0.716630005846
14.7710628253 1.21224489796 0.720105009688
15.4424747719 1.21224489796 0.723263278277
16.1138867185 1.21224489796 0.726145456689
16.7852986651 1.21224489796 0.728785630945
17.4567106117 1.21224489796 0.73121258072
18.1281225583 1.21224489796 0.735865353026
18.7995345049 1.21224489796 0.737840667153
19.4709464515 1.21224489796 0.739672998811
20.1423583981 1.21224489796 0.741377157679
20.8137703447 1.21224489796 0.742965996907
21.4851822913 1.21224489796 0.744450722926
22.1565942379 1.21224489796 0.745841148706
22.8280061846 1.21224489796 0.747145902034
23.4994181312 1.21224489796 0.748372597809
24.1708300778 1.21224489796 0.749527981346
24.8422420244 1.21224489796 0.750618048184
25.513653971 1.21224489796 0.751648144747
26.1850659176 1.21224489796 0.752623053318
26.8564778642 1.21224489796 0.753547064075
27.5278898108 1.21224489796 0.754424036436
28.1993017574 1.21224489796 0.755257451498
28.870713704 1.21224489796 0.756050457033
29.5421256506 1.21224489796 0.756805906246
30.2135375972 1.21224489796 0.757526391279
30.8849495438 1.21224489796 0.758214272257
31.5563614904 1.21224489796 0.758871702561
32.227773437 1.21224489796 0.759500650884
32.8991853836 1.21224489796 0.76010292053
4.02847167963 1.24489795918 0.24880862431
4.69988362623 1.24489795918 0.402586703944
5.37129557284 1.24489795918 0.471535306194
6.04270751944 1.24489795918 0.526972552698
6.71411946604 1.24489795918 0.559980838225
7.38553141265 1.24489795918 0.587044817672
8.05694335925 1.24489795918 0.601336842975
8.72835530586 1.24489795918 0.620904428048
9.39976725246 1.24489795918 0.630922828379
10.0711791991 1.24489795918 0.645417257833
10.7425911457 1.24489795918 0.652658516914
11.4140030923 1.24489795918 0.659036240681
12.0854150389 1.24489795918 0.664691558339
12.7568269855 1.24489795918 0.673853484189
13.4282389321 1.24489795918 0.678161970159
14.0996508787 1.24489795918 0.682046700871
14.7710628253 1.24489795918 0.685566048641
15.4424747719 1.24489795918 0.688768322784
16.1138867185 1.24489795918 0.691693813458
16.7852986651 1.24489795918 0.694376364439
17.4567106117 1.24489795918 0.69684459495
18.1281225583 1.24489795918 0.699122857361
18.7995345049 1.24489795918 0.701231994236
19.4709464515 1.24489795918 0.705565808613
20.1423583981 1.24489795918 0.707302552305
20.8137703447 1.24489795918 0.708922867012
21.4851822913 1.24489795918 0.710437974705
22.1565942379 1.24489795918 0.71185771203
22.8280061846 1.24489795918 0.713190736038
23.4994181312 1.24489795918 0.714444694568
24.1708300778 1.24489795918 0.715626368137
24.8422420244 1.24489795918 0.716741788695
25.513653971 1.24489795918 0.717796339505
26.1850659176 1.24489795918 0.718794839548
26.8564778642 1.24489795918 0.719741615149
27.5278898108 1.24489795918 0.720640561027
28.1993017574 1.24489795918 0.721495192527
28.870713704 1.24489795918 0.722308690489
29.5421256506 1.24489795918 0.723083939918
30.2135375972 1.24489795918 0.723823563445
30.8849495438 1.24489795918 0.724529950354
31.5563614904 1.24489795918 0.725205281867
32.227773437 1.24489795918 0.725851553214
32.8991853836 1.24489795918 0.726470592967
4.02847167963 1.27755102041 0.184449385002
4.69988362623 1.27755102041 0.343796889501
5.37129557284 1.27755102041 0.433722079475
6.04270751944 1.27755102041 0.475973498066
6.71411946604 1.27755102041 0.523078802121
7.38553141265 1.27755102041 0.540598905736
8.05694335925 1.27755102041 0.564788109611
8.72835530586 1.27755102041 0.584802530011
9.39976725246 1.27755102041 0.594867670959
10.0711791991 1.27755102041 0.603628602501
10.7425911457 1.27755102041 0.617082577429
11.4140030923 1.27755102041 0.623531871903
12.0854150389 1.27755102041 0.629261390935
12.7568269855 1.27755102041 0.634382010338
13.4282389321 1.27755102041 0.643139247857
14.0996508787 1.27755102041 0.647089007522
14.7710628253 1.27755102041 0.650671726312
15.4424747719 1.27755102041 0.653935404614
16.1138867185 1.27755102041 0.656920155721
16.7852986651 1.27755102041 0.659659737737
17.4567106117 1.27755102041 0.662182746866
18.1281225583 1.27755102041 0.664513555109
18.7995345049 1.27755102041 0.666673053199
19.4709464515 1.27755102041 0.668679243853
20.1423583981 1.27755102041 0.670547718971
20.8137703447 1.27755102041 0.674664846743
21.4851822913 1.27755102041 0.67621821422
22.1565942379 1.27755102041 0.677674619643
22.8280061846 1.27755102041 0.679042796889
23.4994181312 1.27755102041 0.680330468954
24.1708300778 1.27755102041 0.681544489115
24.8422420244 1.27755102041 0.682690959229
25.513653971 1.27755102041 0.683775329354
26.1850659176 1.27755102041 0.684802482018
26.8564778642 1.27755102041 0.685776803811
27.5278898108 1.27755102041 0.686702246471
28.1993017574 1.27755102041 0.687582379193
28.870713704 1.27755102041 0.68842043361
29.5421256506 1.27755102041 0.689219342589
30.2135375972 1.27755102041 0.689981773836
30.8849495438 1.27755102041 0.690710159065
31.5563614904 1.27755102041 0.691406719435
32.227773437 1.27755102041 0.692073487758
32.8991853836 1.27755102041 0.692712327982
4.69988362623 1.31020408163 0.28161036369
5.37129557284 1.31020408163 0.376889040345
6.04270751944 1.31020408163 0.437275460274
6.71411946604 1.31020408163 0.472966945783
7.38553141265 1.31020408163 0.502766485717
8.05694335925 1.31020408163 0.527516233495
8.72835530586 1.31020408163 0.539791723988
9.39976725246 1.31020408163 0.558208883381
10.0711791991 1.31020408163 0.567061233835
10.7425911457 1.31020408163 0.574846923604
11.4140030923 1.31020408163 0.587558591759
12.0854150389 1.31020408163 0.593384389027
12.7568269855 1.31020408163 0.598600454032
13.4282389321 1.31020408163 0.603295366051
14.0996508787 1.31020408163 0.607541737847
14.7710628253 1.31020408163 0.615446430446
15.4424747719 1.31020408163 0.61878553867
16.1138867185 1.31020408163 0.621842548742
16.7852986651 1.31020408163 0.624651228342
17.4567106117 1.31020408163 0.627240236862
18.1281225583 1.31020408163 0.629634043555
18.7995345049 1.31020408163 0.63185365703
19.4709464515 1.31020408163 0.633917209239
20.1423583981 1.31020408163 0.635840426355
20.8137703447 1.31020408163 0.637637011023
21.4851822913 1.31020408163 0.639318954666
22.1565942379 1.31020408163 0.643296889559
22.8280061846 1.31020408163 0.644706220216
23.4994181312 1.31020408163 0.646033261624
24.1708300778 1.31020408163 0.647284967507
24.8422420244 1.31020408163 0.648467534553
25.513653971 1.31020408163 0.64958650208
26.1850659176 1.31020408163 0.650646836464
26.8564778642 1.31020408163 0.651653002939
27.5278898108 1.31020408163 0.65260902693
28.1993017574 1.31020408163 0.653518546628
28.870713704 1.31020408163 0.654384858248
29.5421256506 1.31020408163 0.655210955096
30.2135375972 1.31020408163 0.655999561441
30.8849495438 1.31020408163 0.656753161945
31.5563614904 1.31020408163 0.65747402734
32.227773437 1.31020408163 0.658164236875
32.8991853836 1.31020408163 0.65882569801
4.69988362623 1.34285714286 0.216852661393
5.37129557284 1.34285714286 0.336985053276
6.04270751944 1.34285714286 0.381078152606
6.71411946604 1.34285714286 0.433876848261
7.38553141265 1.34285714286 0.464225538724
8.05694335925 1.34285714286 0.479115136139
8.72835530586 1.34285714286 0.501926843592
9.39976725246 1.34285714286 0.520992786574
10.0711791991 1.34285714286 0.529952353262
10.7425911457 1.34285714286 0.537855993041
11.4140030923 1.34285714286 0.551138364273
12.0854150389 1.34285714286 0.557076761329
12.7568269855 1.34285714286 0.562403997307
13.4282389321 1.34285714286 0.567207359977
14.0996508787 1.34285714286 0.571558679137
14.7710628253 1.34285714286 0.57551752037
15.4424747719 1.34285714286 0.583321286098
16.1138867185 1.34285714286 0.586461590948
16.7852986651 1.34285714286 0.589349754713
17.4567106117 1.34285714286 0.59201454233
18.1281225583 1.34285714286 0.594480561718
18.7995345049 1.34285714286 0.596768978991
19.4709464515 1.34285714286 0.598898092758
20.1423583981 1.34285714286 0.600883798467
20.8137703447 1.34285714286 0.602739966306
21.4851822913 1.34285714286 0.604478750682
22.1565942379 1.34285714286 0.606110845169
22.8280061846 1.34285714286 0.607645693695
23.4994181312 1.34285714286 0.609091666439
24.1708300778 1.34285714286 0.612841420551
24.8422420244 1.34285714286 0.614064832484
25.513653971 1.34285714286 0.615222915319
26.1850659176 1.34285714286 0.616320734903
26.8564778642 1.34285714286 0.617362849434
27.5278898108 1.34285714286 0.618353371154
28.1993017574 1.34285714286 0.619296019312
28.870713704 1.34285714286 0.62019416579
29.5421256506 1.34285714286 0.621050874541
30.2135375972 1.34285714286 0.621868935801
30.8849495438 1.34285714286 0.622650895861
31.5563614904 1.34285714286 0.623399083042
32.227773437 1.34285714286 0.624115630445
32.8991853836 1.34285714286 0.624802495913
4.69988362623 1.37551020408 0.122800112969
5.37129557284 1.37551020408 0.275576860765
6.04270751944 1.37551020408 0.340384801906
6.71411946604 1.37551020408 0.378802332732
7.38553141265 1.37551020408 0.411867434402
8.05694335925 1.37551020408 0.439892698396
8.72835530586 1.37551020408 0.463464864135
9.39976725246 1.37551020408 0.474298266366
10.0711791991 1.37551020408 0.492319307521
10.7425911457 1.37551020408 0.500348675667
11.4140030923 1.37551020408 0.507498052467
12.0854150389 1.37551020408 0.513899064091
12.7568269855 1.37551020408 0.525788721652
13.4282389321 1.37551020408 0.530712030356
14.0996508787 1.37551020408 0.535179694694
14.7710628253 1.37551020408 0.539250716651
15.4424747719 1.37551020408 0.54297455764
16.1138867185 1.37551020408 0.546392949689
16.7852986651 1.37551020408 0.553743229404
17.4567106117 1.37551020408 0.556492540033
18.1281225583 1.37551020408 0.559039129426
18.7995345049 1.37551020408 0.56140433228
19.4709464515 1.37551020408 0.563606627691
20.1423583981 1.37551020408 0.565662095804
20.8137703447 1.37551020408 0.567584790566
21.4851822913 1.37551020408 0.569387045828
22.1565942379 1.37551020408 0.571079728133
22.8280061846 1.37551020408 0.572672446634
23.4994181312 1.37551020408 0.57417372828
24.1708300778 1.37551020408 0.575591164765
24.8422420244 1.37551020408 0.576931536345
25.513653971 1.37551020408 0.578200916647
26.1850659176 1.37551020408 0.581811027475
26.8564778642 1.37551020408 0.582893167657
27.5278898108 1.37551020408 0.583922096035
28.1993017574 1.37551020408 0.584901622498
28.870713704 1.37551020408 0.585835203534
29.5421256506 1.37551020408 0.586725982087
30.2135375972 1.37551020408 0.58757682215
30.8849495438 1.37551020408 0.58839033891
31.5563614904 1.37551020408 0.589168925069
32.227773437 1.37551020408 0.589914773924
32.8991853836 1.37551020408 0.590629899628
5.37129557284 1.40816326531 0.186041039505
6.04270751944 1.40816326531 0.279236503018
6.71411946604 1.40816326531 0.337824012135
7.38553141265 1.40816326531 0.371349032805
8.05694335925 1.40816326531 0.400085884646
8.72835530586 1.40816326531 0.413012932042
9.39976725246 1.40816326531 0.43534310667
10.0711791991 1.40816326531 0.444996444993
10.7425911457 1.40816326531 0.462325054938
11.4140030923 1.40816326531 0.469608733921
12.0854150389 1.40816326531 0.47614937072
12.7568269855 1.40816326531 0.482050825925
13.4282389321 1.40816326531 0.493792520401
14.0996508787 1.40816326531 0.498384899891
14.7710628253 1.40816326531 0.502576823592
15.4424747719 1.40816326531 0.506417278592
16.1138867185 1.40816326531 0.509947753975
16.7852986651 1.40816326531 0.513203590152
17.4567106117 1.40816326531 0.520653194255
18.1281225583 1.40816326531 0.523287970413
18.7995345049 1.40816326531 0.525737355403
19.4709464515 1.40816326531 0.528019997233
20.1423583981 1.40816326531 0.530152155171
20.8137703447 1.40816326531 0.532148065714
21.4851822913 1.40816326531 0.53402024409
22.1565942379 1.40816326531 0.535779733992
22.8280061846 1.40816326531 0.537436315527
23.4994181312 1.40816326531 0.538998679208
24.1708300778 1.40816326531 0.540474572238
24.8422420244 1.40816326531 0.541870922048
25.513653971 1.40816326531 0.543193941071
26.1850659176 1.40816326531 0.54444921598
26.8564778642 1.40816326531 0.545641783975
27.5278898108 1.40816326531 0.546776198264
28.1993017574 1.40816326531 0.547856584449
28.870713704 1.40816326531 0.551290027138
29.5421256506 1.40816326531 0.552218454893
30.2135375972 1.40816326531 0.553105526599
30.8849495438 1.40816326531 0.553953932294
31.5563614904 1.40816326531 0.554766134722
32.227773437 1.40816326531 0.555544392737
32.8991853836 1.40816326531 0.556290781886
5.37129557284 1.44081632653 0.0614233712346
6.04270751944 1.44081632653 0.214924580068
6.71411946604 1.44081632653 0.277648639438
7.38553141265 1.44081632653 0.313680100299
8.05694335925 1.44081632653 0.345336704011
8.72835530586 1.44081632653 0.372608798321
9.39976725246 1.44081632653 0.384027973371
10.0711791991 1.44081632653 0.405562934495
10.7425911457 1.44081632653 0.414266274963
11.4140030923 1.44081632653 0.431194848081
12.0854150389 1.44081632653 0.437871083502
12.7568269855 1.44081632653 0.443913201292
13.4282389321 1.44081632653 0.449403930593
14.0996508787 1.44081632653 0.461148557487
14.7710628253 1.44081632653 0.465467075111
15.4424747719 1.44081632653 0.469430577527
16.1138867185 1.44081632653 0.473080080055
16.7852986651 1.44081632653 0.476450661884
17.4567106117 1.44081632653 0.479572476788
18.1281225583 1.44081632653 0.482471569379
18.7995345049 1.44081632653 0.485170537972
19.4709464515 1.44081632653 0.492108873118
20.1423583981 1.44081632653 0.494324263148
20.8137703447 1.44081632653 0.496399802728
21.4851822913 1.44081632653 0.498348172954
22.1565942379 1.44081632653 0.500180584247
22.8280061846 1.44081632653 0.501906981154
23.4994181312 1.44081632653 0.503536214229
24.1708300778 1.44081632653 0.505076184944
24.8422420244 1.44081632653 0.506533968399
25.513653971 1.44081632653 0.507915917636
26.1850659176 1.44081632653 0.509227752691
26.8564778642 1.44081632653 0.510474636891
27.5278898108 1.44081632653 0.511661242456
28.1993017574 1.44081632653 0.512791807117
28.870713704 1.44081632653 0.513870183126
29.5421256506 1.44081632653 0.514899879827
30.2135375972 1.44081632653 0.515884100743
30.8849495438 1.44081632653 0.516825775978
31.5563614904 1.44081632653 0.517727590615
32.227773437 1.44081632653 0.520982686051
32.8991853836 1.44081632653 0.521763540875
6.04270751944 1.47346938776 0.0932403321581
6.71411946604 1.47346938776 0.189791221381
7.38553141265 1.47346938776 0.251809721704
8.05694335925 1.47346938776 0.286263015055
8.72835530586 1.47346938776 0.316700048785
9.39976725246 1.47346938776 0.343046548348
10.0711791991 1.47346938776 0.353236721353
10.7425911457 1.47346938776 0.374346434133
11.4140030923 1.47346938776 0.382268575316
12.0854150389 1.47346938776 0.39905017413
12.7568269855 1.47346938776 0.405223048941
13.4282389321 1.47346938776 0.410850441
14.0996508787 1.47346938776 0.415998622661
14.7710628253 1.47346938776 0.420724015073
15.4424747719 1.47346938776 0.431979123813
16.1138867185 1.47346938776 0.435751754095
16.7852986651 1.47346938776 0.439242035853
17.4567106117 1.47346938776 0.442479791791
18.1281225583 1.47346938776 0.445490884589
18.7995345049 1.47346938776 0.448297837318
19.4709464515 1.47346938776 0.450920343771
20.1423583981 1.47346938776 0.453375690163
20.8137703447 1.47346938776 0.460303859148
21.4851822913 1.47346938776 0.462334351866
22.1565942379 1.47346938776 0.464245566143
22.8280061846 1.47346938776 0.466047588339
23.4994181312 1.47346938776 0.467749411903
24.1708300778 1.47346938776 0.46935907979
24.8422420244 1.47346938776 0.470883805446
25.513653971 1.47346938776 0.472330075963
26.1850659176 1.47346938776 0.473703740373
26.8564778642 1.47346938776 0.475010085503
27.5278898108 1.47346938776 0.476253901344
28.1993017574 1.47346938776 0.4774395376
28.870713704 1.47346938776 0.478570952738
29.5421256506 1.47346938776 0.479651756682
30.2135375972 1.47346938776 0.480685248076
30.8849495438 1.47346938776 0.481674446894
31.5563614904 1.47346938776 0.482622123074
32.227773437 1.47346938776 0.483530821704
32.8991853836 1.47346938776 0.484402885249
6.71411946604 1.50612244898 0.0933885646788
7.38553141265 1.50612244898 0.186272319143
8.05694335925 1.50612244898 0.222678331974
8.72835530586 1.50612244898 0.256108017651
9.39976725246 1.50612244898 0.285831029796
10.0711791991 1.50612244898 0.311685348403
10.7425911457 1.50612244898 0.320842650031
11.4140030923 1.50612244898 0.341842941594
12.0854150389 1.50612244898 0.349106025727
12.7568269855 1.50612244898 0.355749675243
13.4282389321 1.50612244898 0.371715298554
14.0996508787 1.50612244898 0.376990898288
14.7710628253 1.50612244898 0.381848128412
15.4424747719 1.50612244898 0.386332820949
16.1138867185 1.50612244898 0.390484643668
16.7852986651 1.50612244898 0.401534363819
17.4567106117 1.50612244898 0.404890613054
18.1281225583 1.50612244898 0.408017237053
18.7995345049 1.50612244898 0.410936471358
19.4709464515 1.50612244898 0.413667838662
20.1423583981 1.50612244898 0.416228539933
20.8137703447 1.50612244898 0.418633781611
21.4851822913 1.50612244898 0.420897050378
22.1565942379 1.50612244898 0.42303034476
22.8280061846 1.50612244898 0.429814785786
23.4994181312 1.50612244898 0.431594624139
24.1708300778 1.50612244898 0.433279409892
24.8422420244 1.50612244898 0.434876471668
25.513653971 1.50612244898 0.436392412168
26.1850659176 1.50612244898 0.437833194849
26.8564778642 1.50612244898 0.439204218624
27.5278898108 1.50612244898 0.440510382431
28.1993017574 1.50612244898 0.441756141238
28.870713704 1.50612244898 0.442945554755
29.5421256506 1.50612244898 0.444082329937
30.2135375972 1.50612244898 0.445169858156
30.8849495438 1.50612244898 0.44621124782
31.5563614904 1.50612244898 0.447209353052
32.227773437 1.50612244898 0.448166798985
32.8991853836 1.50612244898 0.449086004113
7.38553141265 1.5387755102 0.0622453026173
8.05694335925 1.5387755102 0.155563542513
8.72835530586 1.5387755102 0.190868360033
9.39976725246 1.5387755102 0.223647215022
10.0711791991 1.5387755102 0.25303169679
10.7425911457 1.5387755102 0.278737699829
11.4140030923 1.5387755102 0.286992360165
12.0854150389 1.5387755102 0.308156106895
12.7568269855 1.5387755102 0.314844181818
13.4282389321 1.5387755102 0.321012143309
14.0996508787 1.5387755102 0.337373566162
14.7710628253 1.5387755102 0.342342517351
15.4424747719 1.5387755102 0.346945913725
16.1138867185 1.5387755102 0.351220793916
16.7852986651 1.5387755102 0.355199614232
17.4567106117 1.5387755102 0.358910892041
18.1281225583 1.5387755102 0.370000477959
18.7995345049 1.5387755102 0.373032687673
19.4709464515 1.5387755102 0.375874753661
20.1423583981 1.5387755102 0.378543577961
20.8137703447 1.5387755102 0.381054168022
21.4851822913 1.5387755102 0.383419887665
22.1565942379 1.5387755102 0.385652670404
22.8280061846 1.5387755102 0.387763201315
23.4994181312 1.5387755102 0.389761072559
24.1708300778 1.5387755102 0.391654916774
24.8422420244 1.5387755102 0.398460837213
25.513653971 1.5387755102 0.400051435197
26.1850659176 1.5387755102 0.401564365061
26.8564778642 1.5387755102 0.403005113341
27.5278898108 1.5387755102 0.404378667751
28.1993017574 1.5387755102 0.40568957194
28.870713704 1.5387755102 0.406941973272
29.5421256506 1.5387755102 0.408139664651
30.2135375972 1.5387755102 0.409286121202
30.8849495438 1.5387755102 0.41038453255
31.5563614904 1.5387755102 0.411437831277
32.227773437 1.5387755102 0.412448718071
32.8991853836 1.5387755102 0.413419684007
8.72835530586 1.57142857143 0.122774891779
9.39976725246 1.57142857143 0.157020485637
10.0711791991 1.57142857143 0.189308981477
10.7425911457 1.57142857143 0.218583912075
11.4140030923 1.57142857143 0.226708242145
12.0854150389 1.57142857143 0.251815364252
12.7568269855 1.57142857143 0.258732770682
13.4282389321 1.57142857143 0.279533580153
14.0996508787 1.57142857143 0.285263943068
14.7710628253 1.57142857143 0.29060168103
15.4424747719 1.57142857143 0.306901647379
16.1138867185 1.57142857143 0.311274167069
16.7852986651 1.57142857143 0.315358151348
17.4567106117 1.57142857143 0.319179810706
18.1281225583 1.57142857143 0.322762457586
18.7995345049 1.57142857143 0.326126867117
19.4709464515 1.57142857143 0.337486034651
20.1423583981 1.57142857143 0.340261117357
20.8137703447 1.57142857143 0.342876565798
21.4851822913 1.57142857143 0.345345398263
22.1565942379 1.57142857143 0.347679295331
22.8280061846 1.57142857143 0.349888761988
23.4994181312 1.57142857143 0.351983267574
24.1708300778 1.57142857143 0.353971366881
24.8422420244 1.57142857143 0.355860805161
25.513653971 1.57142857143 0.357658609403
26.1850659176 1.57142857143 0.35937116786
26.8564778642 1.57142857143 0.361004299494
27.5278898108 1.57142857143 0.367798370843
28.1993017574 1.57142857143 0.369179016671
28.870713704 1.57142857143 0.370499069553
29.5421256506 1.57142857143 0.371762385579
30.2135375972 1.57142857143 0.372972504349
30.8849495438 1.57142857143 0.374132680393
31.5563614904 1.57142857143 0.375245910969
32.227773437 1.57142857143 0.376314960703
32.8991853836 1.57142857143 0.377342383493
9.39976725246 1.60408163265 0.0309200010908
10.0711791991 1.60408163265 0.0948352080725
10.7425911457 1.60408163265 0.15364115362
11.4140030923 1.60408163265 0.160774085728
12.0854150389 1.60408163265 0.189868562135
12.7568269855 1.60408163265 0.215477512078
13.4282389321 1.60408163265 0.221703893982
14.0996508787 1.60408163265 0.227568861541
14.7710628253 1.60408163265 0.248541811113
15.4424747719 1.60408163265 0.253518805159
16.1138867185 1.60408163265 0.258197511202
16.7852986651 1.60408163265 0.262601440124
17.4567106117 1.60408163265 0.278715796511
18.1281225583 1.60408163265 0.282384020155
18.7995345049 1.60408163265 0.28584084804
19.4709464515 1.60408163265 0.289103064253
20.1423583981 1.60408163265 0.292185834131
20.8137703447 1.60408163265 0.295102878736
21.4851822913 1.60408163265 0.306611455935
22.1565942379 1.60408163265 0.309042498137
22.8280061846 1.60408163265 0.311348392253
23.4994181312 1.60408163265 0.313538278783
24.1708300778 1.60408163265 0.315620457259
24.8422420244 1.60408163265 0.317602477335
25.513653971 1.60408163265 0.319491218801
26.1850659176 1.60408163265 0.32129296196
26.8564778642 1.60408163265 0.323013449641
27.5278898108 1.60408163265 0.324657941924
28.1993017574 1.60408163265 0.326231264526
28.870713704 1.60408163265 0.327737851649
29.5421256506 1.60408163265 0.329181783988
30.2135375972 1.60408163265 0.330566822513
30.8849495438 1.60408163265 0.337383930548
31.5563614904 1.60408163265 0.338561322228
32.227773437 1.60408163265 0.339692847508
32.8991853836 1.60408163265 0.340781103119
11.4140030923 1.63673469388 0.0631324085831
12.0854150389 1.63673469388 0.123088482484
12.7568269855 1.63673469388 0.128538808079
13.4282389321 1.63673469388 0.157862885479
14.0996508787 1.63673469388 0.183755368164
14.7710628253 1.63673469388 0.188980890989
15.4424747719 1.63673469388 0.193955816718
16.1138867185 1.63673469388 0.215534095156
16.7852986651 1.63673469388 0.219881594202
17.4567106117 1.63673469388 0.224004564462
18.1281225583 1.63673469388 0.227917926227
18.7995345049 1.63673469388 0.231635539474
19.4709464515 1.63673469388 0.248111047398
20.1423583981 1.63673469388 0.251259977243
20.8137703447 1.63673469388 0.254250598694
21.4851822913 1.63673469388 0.257093828234
22.1565942379 1.63673469388 0.259799676807
22.8280061846 1.63673469388 0.26237733194
23.4994181312 1.63673469388 0.264835232681
24.1708300778 1.63673469388 0.276530593688
24.8422420244 1.63673469388 0.278599333989
25.513653971 1.63673469388 0.280574613028
26.1850659176 1.63673469388 0.282462425144
26.8564778642 1.63673469388 0.284268280682
27.5278898108 1.63673469388 0.285997251888
28.1993017574 1.63673469388 0.287654013942
28.870713704 1.63673469388 0.289242881674
29.5421256506 1.63673469388 0.290767842462
30.2135375972 1.63673469388 0.292232585737
30.8849495438 1.63673469388 0.293640529466
31.5563614904 1.63673469388 0.294994843968
32.227773437 1.63673469388 0.296298473341
32.8991853836 1.63673469388 0.297554154776
13.4282389321 1.6693877551 0.0623528898745
14.0996508787 1.6693877551 0.0939647070784
14.7710628253 1.6693877551 0.123488276507
15.4424747719 1.6693877551 0.12774231286
16.1138867185 1.6693877551 0.154176983022
16.7852986651 1.6693877551 0.158328860592
17.4567106117 1.6693877551 0.16232410425
18.1281225583 1.6693877551 0.184589477681
18.7995345049 1.6693877551 0.18820321461
19.4709464515 1.6693877551 0.191662179427
20.1423583981 1.6693877551 0.194974646886
20.8137703447 1.6693877551 0.198148459501
21.4851822913 1.6693877551 0.215473562485
22.1565942379 1.6693877551 0.218216326668
22.8280061846 1.6693877551 0.220839810276
23.4994181312 1.6693877551 0.22335104258
24.1708300778 1.6693877551 0.225756566113
24.8422420244 1.6693877551 0.228062471531
25.513653971 1.6693877551 0.230274430505
26.1850659176 1.6693877551 0.232397726581
26.8564778642 1.6693877551 0.234437283996
27.5278898108 1.6693877551 0.246498858954
28.1993017574 1.6693877551 0.248231013347
28.870713704 1.6693877551 0.249895559218
29.5421256506 1.6693877551 0.251496240807
30.2135375972 1.6693877551 0.253036541901
30.8849495438 1.6693877551 0.254519707005
31.5563614904 1.6693877551 0.255948760602
32.227773437 1.6693877551 0.257326524703
32.8991853836 1.6693877551 0.258655634822
16.1138867185 1.70204081633 0.0613814064941
16.7852986651 1.70204081633 0.0637325106043
17.4567106117 1.70204081633 0.0941448223095
18.1281225583 1.70204081633 0.0971146677482
18.7995345049 1.70204081633 0.124580420079
19.4709464515 1.70204081633 0.127716834027
20.1423583981 1.70204081633 0.130766294868
20.8137703447 1.70204081633 0.154079273458
21.4851822913 1.70204081633 0.156966943205
22.1565942379 1.70204081633 0.159756526762
22.8280061846 1.70204081633 0.162451972565
23.4994181312 1.70204081633 0.165057103185
24.1708300778 1.70204081633 0.167575610088
24.8422420244 1.70204081633 0.185764000374
25.513653971 1.70204081633 0.1879890673
26.1850659176 1.70204081633 0.190134114566
26.8564778642 1.70204081633 0.192202989036
27.5278898108 1.70204081633 0.194199326798
28.1993017574 1.70204081633 0.196126564068
28.870713704 1.70204081633 0.197987947873
29.5421256506 1.70204081633 0.199786546436
30.2135375972 1.70204081633 0.201525259212
30.8849495438 1.70204081633 0.214454055175
31.5563614904 1.70204081633 0.215945001811
32.227773437 1.70204081633 0.217385654697
32.8991853836 1.70204081633 0.218778408483
19.4709464515 1.73469387755 0.0306937669826
20.1423583981 1.73469387755 0.0317243801925
20.8137703447 1.73469387755 0.0629211306073
21.4851822913 1.73469387755 0.0647362381928
22.1565942379 1.73469387755 0.0935735602483
22.8280061846 1.73469387755 0.0957859422015
23.4994181312 1.73469387755 0.097958267204
24.1708300778 1.73469387755 0.12277645368
24.8422420244 1.73469387755 0.124990701144
25.513653971 1.73469387755 0.127149084674
26.1850659176 1.73469387755 0.129253099443
26.8564778642 1.73469387755 0.131304229828
27.5278898108 1.73469387755 0.133303944753
28.1993017574 1.73469387755 0.135253693737
28.870713704 1.73469387755 0.154883812975
29.5421256506 1.73469387755 0.15666312587
30.2135375972 1.73469387755 0.158391229737
30.8849495438 1.73469387755 0.16007003894
31.5563614904 1.73469387755 0.161701391839
32.227773437 1.73469387755 0.163287052859
32.8991853836 1.73469387755 0.164828714711
25.513653971 1.76734693878 0.0312039423484
26.1850659176 1.76734693878 0.0319962137638
26.8564778642 1.76734693878 0.0622512602726
27.5278898108 1.76734693878 0.0636005977822
28.1993017574 1.76734693878 0.0649372871594
28.870713704 1.76734693878 0.0662612815719
29.5421256506 1.76734693878 0.0932305177316
30.2135375972 1.76734693878 0.0947657971166
30.8849495438 1.76734693878 0.0962753568049
31.5563614904 1.76734693878 0.0977595556503
32.227773437 1.76734693878 0.0992187611582
32.8991853836 1.76734693878 0.100653348045
