#occupation n= 0.8 U= 6.0
#T,|m|,mu,iteration times
0.01 0.464723396627 1.66767945541 54
0.0437288135593 0.465650410059 1.66472522355 49
0.0774576271186 0.463143795567 1.66786172744 50
0.111186440678 0.458845194053 1.67336302808 51
0.144915254237 0.452493374044 1.68153140784 52
0.178644067797 0.443980146396 1.69225021527 54
0.212372881356 0.433370791636 1.70500433627 57
0.246101694915 0.420767009159 1.71914702925 60
0.279830508475 0.406091718846 1.73417044679 64
0.313559322034 0.389153171526 1.74965573252 69
0.347288135593 0.369597597426 1.76530329406 75
0.381016949153 0.346790139806 1.78097808486 84
0.414745762712 0.319968847223 1.79649517222 95
0.448474576271 0.287741826147 1.81182897689 112
0.482203389831 0.247847126709 1.82690824115 140
0.51593220339 0.195509725868 1.84166963867 195
0.549661016949 0.131120786504 1.8525448816 200
0.583389830508 0.0674209553322 1.8547900858 200
0.617118644068 0.026910075133 1.84915417633 200
0.650847457627 0.00932981716311 1.84091019891 200
0.684576271186 0.00304346377871 1.8322769817 200
0.718305084746 0.00159815906313 1.82362895916 183
0.752033898305 0.00131717666198 1.81499728368 159
0.785762711864 0.0010825800691 1.80636870028 142
0.819491525424 0.000945241354806 1.79772762429 128
0.853220338983 0.000829987695987 1.78906044654 117
0.886949152542 0.000736913188098 1.78035514785 108
0.920677966102 0.0006815078007 1.77160131263 100
0.954406779661 0.000600177917584 1.76279009043 94
0.98813559322 0.000567187841101 1.75391388364 88
1.02186440678 0.000486902546117 1.74496647386 84
1.05559322034 0.000478801532936 1.7359426134 79
1.0893220339 0.000454010400125 1.7268381981 75
1.12305084746 0.000408031542305 1.71764995715 72
1.15677966102 0.000379823804808 1.7083753846 69
1.19050847458 0.000366155415503 1.69901269151 66
1.22423728814 0.000325198465306 1.68956070913 64
1.25796610169 0.000334200120408 1.68001873797 61
1.29169491525 0.000312880185673 1.67038660172 59
1.32542372881 0.000299865411293 1.66066445892 57
1.35915254237 0.000256171788317 1.65085283122 56
1.39288135593 0.000255831995563 1.64095247689 54
1.42661016949 0.000261435064431 1.63096443156 52
1.46033898305 0.000234332176617 1.62088992578 51
1.49406779661 0.000212653600747 1.61073032266 50
1.52779661017 0.00023019711765 1.60048711962 48
1.56152542373 0.000215155489584 1.59016195166 47
1.59525423729 0.000203536314809 1.57975649923 46
1.62898305085 0.000194859463591 1.56927251605 45
1.66271186441 0.000188773256539 1.55871179955 44
1.69644067797 0.000185030991354 1.54807617617 43
1.73016949153 0.000183474613066 1.53736748872 42
1.76389830508 0.000150993359478 1.5265875947 42
1.79762711864 0.000152462475192 1.51573832149 41
1.8313559322 0.000155679650073 1.50482151153 40
1.86508474576 0.000160730163629 1.49383898091 39
1.89881355932 0.000135186314325 1.48279253127 39
1.93254237288 0.000141999074999 1.47168391231 38
1.96627118644 0.00012042572389 1.46051487364 38
2.0 0.000128639030408 1.44928710258 37
