#occupation n= 0.9 U= 6.0
#T,|m|,mu,iteration times
0.01 0.527849589227 2.32729093511 40
0.0437288135593 0.527448054859 2.32998311137 42
0.0774576271186 0.525989536073 2.33095339506 42
0.111186440678 0.523626288811 2.33247574987 43
0.144915254237 0.520314410629 2.33466545125 43
0.178644067797 0.51582476928 2.33768660748 44
0.212372881356 0.509994289546 2.3416307237 45
0.246101694915 0.502622838272 2.34652429684 46
0.279830508475 0.493465421764 2.35232910898 48
0.313559322034 0.482295347946 2.35893211197 51
0.347288135593 0.468898003069 2.36617579819 54
0.381016949153 0.452936817922 2.37393029353 58
0.414745762712 0.434044023951 2.38205839351 63
0.448474576271 0.411743343444 2.39043842095 69
0.482203389831 0.385300249534 2.3989937994 78
0.51593220339 0.353784268015 2.40761412518 90
0.549661016949 0.315550260004 2.41625204526 109
0.583389830508 0.267794528621 2.4248253784 140
0.617118644068 0.204232097086 2.43322928694 200
0.650847457627 0.126316992948 2.43903962005 200
0.684576271186 0.0561725661317 2.43944027002 200
0.718305084746 0.0192760558413 2.43606005707 200
0.752033898305 0.00590622388332 2.4318108849 200
0.785762711864 0.00178952092387 2.42746342226 199
0.819491525424 0.00142618901881 2.42310578976 169
0.853220338983 0.00117767312893 2.41874075526 148
0.886949152542 0.000968260126666 2.4143619397 133
0.920677966102 0.000869342955158 2.40996371367 120
0.954406779661 0.000772368191401 2.40554135024 110
0.98813559322 0.000683966468146 2.4010907707 102
1.02186440678 0.00062379283599 2.3966085503 95
1.05559322034 0.000574760894797 2.39209186886 89
1.0893220339 0.000525055263549 2.38753842651 84
1.12305084746 0.000466876114094 2.38294638585 80
1.15677966102 0.000436039895491 2.37831430703 76
1.19050847458 0.000386892161199 2.37364113359 73
1.22423728814 0.000395716727698 2.3689260909 69
1.25796610169 0.000339921198272 2.36416872652 67
1.29169491525 0.000336324216198 2.35936876596 64
1.32542372881 0.000305205567572 2.35452618334 62
1.35915254237 0.000283780730571 2.34964110005 60
1.39288135593 0.000270284821228 2.34471379361 58
1.42661016949 0.000263631469937 2.3397446655 56
1.46033898305 0.000263265878867 2.33473422106 54
1.49406779661 0.000231982505501 2.32968305817 53
1.52779661017 0.000241388658017 2.32459182672 51
1.56152542373 0.000219283086275 2.31946125797 50
1.59525423729 0.000201700110133 2.31429211027 49
1.62898305085 0.0002222952142 2.30908517817 47
1.66271186441 0.00021057341431 2.30384129818 46
1.69644067797 0.000201877334029 2.29856130893 45
1.73016949153 0.00019584771008 2.29324606663 44
1.76389830508 0.000192234209836 2.28789643385 43
1.79762711864 0.000157488464974 2.2825132793 43
1.8313559322 0.000157444310118 2.27709745566 42
1.86508474576 0.000159185939319 2.27164982323 41
1.89881355932 0.000162745996344 2.26617122906 40
1.93254237288 0.000136315047821 2.26066251318 40
1.96627118644 0.000141805799892 2.25512449091 39
2.0 0.000149099664209 2.24955797427 38
