#occupation n= 1.2 U= 6.0
#T,|m|,mu,iteration times
0.01 0.471721457523 4.43086553724 39
0.0437288135593 0.465709576233 4.42524833786 51
0.0774576271186 0.462731948419 4.42143520439 52
0.111186440678 0.457718727046 4.41483156091 53
0.144915254237 0.450222191708 4.40500856871 56
0.178644067797 0.440421932648 4.39249752877 58
0.212372881356 0.428394314395 4.37795012021 62
0.246101694915 0.414365508835 4.36220029425 66
0.279830508475 0.398293215899 4.34581793829 71
0.313559322034 0.380017780637 4.32926011735 76
0.347288135593 0.359011260042 4.31269297879 84
0.381016949153 0.334690349316 4.2963257253 94
0.414745762712 0.306073062854 4.28024359036 107
0.448474576271 0.271495623724 4.26444718706 128
0.482203389831 0.228107072286 4.24900190625 164
0.51593220339 0.17199222916 4.23488092727 200
0.549661016949 0.107784496203 4.22673143571 200
0.583389830508 0.0523725883252 4.2277646405 200
0.617118644068 0.0207773950548 4.23472278559 200
0.650847457627 0.00739787999532 4.2432484275 200
0.684576271186 0.00250294088347 4.25196218571 200
0.718305084746 0.00152200619395 4.26065159 180
0.752033898305 0.00125064635179 4.26930527364 158
0.785762711864 0.0010721945667 4.27794035003 141
0.819491525424 0.00092172691319 4.28657400516 128
0.853220338983 0.000825611473508 4.29522169286 117
0.886949152542 0.000744065374677 4.30389695627 108
0.920677966102 0.000651573357881 4.31261163483 101
0.954406779661 0.000618175744416 4.32137602786 94
0.98813559322 0.00054417126022 4.33019879424 89
1.02186440678 0.000507219852247 4.33908736881 84
1.05559322034 0.0004580293835 4.34804785336 80
1.0893220339 0.000433005115487 4.35708529551 76
1.12305084746 0.000387708604405 4.36620370321 73
1.15677966102 0.000359357807853 4.37540625084 70
1.19050847458 0.000344777224866 4.38469531467 67
1.22423728814 0.000342374219025 4.39407259363 64
1.25796610169 0.000311419071187 4.40353917819 62
1.29169491525 0.000289953500849 4.4130956808 60
1.32542372881 0.000276324236871 4.42274225336 58
1.35915254237 0.000269508816309 4.43247866958 56
1.39288135593 0.00026898901568 4.44230438111 54
1.42661016949 0.000236768191998 4.45221855375 53
1.46033898305 0.000246066758377 4.46222016435 51
1.49406779661 0.000223160643687 4.47230794874 50
1.52779661017 0.00020488244018 4.48248052544 49
1.56152542373 0.000190406598085 4.49273637359 48
1.59525423729 0.000213099724399 4.50307388241 46
1.62898305085 0.000203865151793 4.51349133284 45
1.66271186441 0.000197351565358 4.52398697908 44
1.69644067797 0.00016012536516 4.5345590138 44
1.73016949153 0.000157915366802 4.5452056302 43
1.76389830508 0.000157537599245 4.55592497904 42
1.79762711864 0.000158956382771 4.56671521608 41
1.8313559322 0.000162196492878 4.57757450168 40
1.86508474576 0.000135471608536 4.58850100007 40
1.89881355932 0.000140677701717 4.59949291743 39
1.93254237288 0.00014767002466 4.6105484606 38
1.96627118644 0.000125174945843 4.62166586386 38
2.0 0.000133628536865 4.63284341502 37
