#occupation n= 0.7 U= 6.0
#T,|m|,mu,iteration times
0.01 0.0146233150365 1.42320049631 178
0.0437288135593 0.00194670022874 1.42204022501 81
0.0774576271186 0.00172900348755 1.41887521218 6
0.111186440678 0.00154365530409 1.41359159462 7
0.144915254237 0.00139820234918 1.40607160982 8
0.178644067797 0.0013056102653 1.39661017297 8
0.212372881356 0.00124310955205 1.38571318174 8
0.246101694915 0.00119402967821 1.37386092772 8
0.279830508475 0.00114511999204 1.3614273292 8
0.313559322034 0.00107957936757 1.3486753014 9
0.347288135593 0.00100041670596 1.33577603586 9
0.381016949153 0.000905604153203 1.32284049371 9
0.414745762712 0.000797994259156 1.30993603768 9
0.448474576271 0.000682009112184 1.29709925981 9
0.482203389831 0.000563760610304 1.28434274573 9
0.51593220339 0.000462595781933 1.27167567621 8
0.549661016949 0.000367630119825 1.2590829375 8
0.583389830508 0.000282659554238 1.24654884929 8
0.617118644068 0.000210079417339 1.23405413102 8
0.650847457627 0.000150819902852 1.22157776489 8
0.684576271186 0.000104526689558 1.20909832578 8
0.718305084746 6.98984395354e-05 1.19659490848 8
0.752033898305 4.50807817325e-05 1.18404775062 8
0.785762711864 2.80310859173e-05 1.17143862667 8
0.819491525424 1.67988466248e-05 1.15875107192 8
0.853220338983 8.9808374133e-06 1.14597048192 9
0.886949152542 4.60091399956e-06 1.1330841229 9
0.920677966102 2.25830103057e-06 1.1200810805 9
0.954406779661 1.06187423771e-06 1.10695216728 9
0.98813559322 4.78279767291e-07 1.09368980483 9
1.02186440678 2.06344445253e-07 1.08028789169 9
1.05559322034 8.52724119649e-08 1.06674166564 9
1.0893220339 3.37559749597e-08 1.05304756607 9
1.12305084746 1.28013990519e-08 1.03920310055 9
1.15677966102 4.65139010641e-09 1.02520671816 9
1.19050847458 1.61956120737e-09 1.01105769132 9
1.22423728814 5.40481603917e-10 0.996756006866 9
1.25796610169 1.7291457155e-10 0.982302266711 9
1.29169491525 5.30491206518e-11 0.967697598079 9
1.32542372881 1.56043511446e-11 0.952943572922 9
1.35915254237 4.40569802862e-12 0.938042136081 9
1.39288135593 1.1947109968e-12 0.922995541581 9
1.42661016949 3.09030578904e-13 0.907806296438 9
1.46033898305 7.79931674799e-14 0.89247711132 9
1.49406779661 1.81521464526e-14 0.877010857413 9
1.52779661017 2.94209101526e-15 0.861410528893 9
1.56152542373 1.22124532709e-15 0.845679210387 9
1.59525423729 1.66533453694e-16 0.829820048911 9
1.62898305085 1.11022302463e-16 0.813836229756 9
1.66271186441 1.66533453694e-16 0.797730955881 9
1.69644067797 0.0 0.781507430387 9
1.73016949153 0.0 0.765168841705 9
1.76389830508 0.0 0.748718351158 9
1.79762711864 0.0 0.732159082595 9
1.8313559322 0.0 0.715494113841 9
1.86508474576 0.0 0.698726469706 9
1.89881355932 0.0 0.681859116375 9
1.93254237288 0.0 0.664894956957 9
1.96627118644 0.0 0.647836828069 9
2.0 0.0 0.630687497275 9
