#occupation n= 0.65 U= 6.0
#T,|m|,mu,iteration times
0.01 0.00197816610951 1.11427487721 109
0.0437288135593 0.00075632034687 1.10833185779 16
0.0774576271186 0.000568228980494 1.10559058344 6
0.111186440678 0.000409118710772 1.10124555466 7
0.144915254237 0.000301352266938 1.09502260002 7
0.178644067797 0.000216498350889 1.08690638332 8
0.212372881356 0.000159485061407 1.07712714776 8
0.246101694915 0.000119710973262 1.06603276992 8
0.279830508475 9.08657077928e-05 1.05397224392 8
0.313559322034 6.65742296753e-05 1.04123900845 9
0.347288135593 4.86897634818e-05 1.02805092547 9
0.381016949153 3.53082040307e-05 1.01457172061 9
0.414745762712 2.52617853145e-05 1.00091340507 9
0.448474576271 1.77543329246e-05 0.987147420506 9
0.482203389831 1.22126950631e-05 0.973314983666 9
0.51593220339 8.19670013535e-06 0.95944082424 9
0.549661016949 5.35348653019e-06 0.945535236202 9
0.583389830508 3.39497262708e-06 0.931591170334 9
0.617118644068 2.08641846128e-06 0.917598761838 9
0.650847457627 1.2405322718e-06 0.90354421665 9
0.684576271186 7.12568938688e-07 0.889411737647 9
0.718305084746 3.94920631586e-07 0.875184896046 9
0.752033898305 2.10950128143e-07 0.860847580124 9
0.785762711864 1.08498215801e-07 0.846384625556 9
0.819491525424 5.36884030011e-08 0.831782208986 9
0.853220338983 2.55415182893e-08 0.817028068203 9
0.886949152542 1.16751122659e-08 0.802111597642 9
0.920677966102 5.12515441198e-09 0.787023856356 9
0.954406779661 2.15976136975e-09 0.771757516444 9
0.98813559322 8.73409733426e-10 0.7563067728 9
1.02186440678 3.38869821093e-10 0.740667229533 9
1.05559322034 1.2611711675e-10 0.724835774174 9
1.0893220339 4.50221526727e-11 0.708810447575 9
1.12305084746 1.54133927843e-11 0.692590314968 9
1.15677966102 5.0608961466e-12 0.676175341848 9
1.19050847458 1.59439128566e-12 0.659566277015 9
1.22423728814 4.79061235126e-13 0.642764544121 9
1.25796610169 1.39110944986e-13 0.625772142389 9
1.29169491525 3.61932706028e-14 0.608591556662 9
1.32542372881 9.32587340685e-15 0.591225676614 9
1.35915254237 3.05311331772e-15 0.573677724735 9
1.39288135593 2.77555756156e-16 0.555951192559 9
1.42661016949 5.55111512313e-17 0.538049784524 9
1.46033898305 0.0 0.51997736883 9
1.49406779661 0.0 0.501737934654 9
1.52779661017 0.0 0.48333555508 9
1.56152542373 0.0 0.464774355165 9
1.59525423729 0.0 0.446058484571 9
1.62898305085 0.0 0.427192094245 9
1.66271186441 0.0 0.40817931668 9
1.69644067797 0.0 0.389024249321 9
1.73016949153 0.0 0.369730940728 9
1.76389830508 0.0 0.350303379155 9
1.79762711864 0.0 0.330745483222 9
1.8313559322 0.0 0.311061094419 9
1.86508474576 0.0 0.291253971179 9
1.89881355932 0.0 0.271327784326 9
1.93254237288 0.0 0.251286113678 9
1.96627118644 0.0 0.231132445673 9
2.0 0.0 0.210870171835 9
