#occupation n= 1.35 U= 6.0
#T,|m|,mu,iteration times
0.01 0.00110144529539 4.98303687007 118
0.0437288135593 0.000725269493959 4.98516024982 7
0.0774576271186 0.000531455751065 4.98763542457 6
0.111186440678 0.000371248732483 4.9916067575 7
0.144915254237 0.000264137657319 4.99726374305 7
0.178644067797 0.000181745327203 5.00467116686 8
0.212372881356 0.000128112914766 5.01369180603 8
0.246101694915 9.20212951954e-05 5.02405448922 8
0.279830508475 6.70050759256e-05 5.03545173512 8
0.313559322034 4.91563929994e-05 5.04760191337 8
0.347288135593 3.61184772001e-05 5.06028660959 8
0.381016949153 2.52752421205e-05 5.0733297605 9
0.414745762712 1.75245565661e-05 5.08660825025 9
0.448474576271 1.19841361287e-05 5.10003986395 9
0.482203389831 8.0514254942e-06 5.1135730518 9
0.51593220339 5.29630274659e-06 5.12717775664 9
0.549661016949 3.40105198093e-06 5.14083527926 9
0.583389830508 2.12661210119e-06 5.15454894889 9
0.617118644068 1.29189770359e-06 5.16832525017 9
0.650847457627 7.60997051263e-07 5.18217548213 9
0.684576271186 4.3391708282e-07 5.19611361457 9
0.718305084746 2.39135692248e-07 5.21015474376 9
0.752033898305 1.27210101786e-07 5.22431401002 9
0.785762711864 6.52433789217e-08 5.23860586636 9
0.819491525424 3.22294412269e-08 5.25304360972 9
0.853220338983 1.53212260656e-08 5.26763910571 9
0.886949152542 7.00386670882e-09 5.28240265303 9
0.920677966102 3.07689507206e-09 5.29734294692 9
0.954406779661 1.29835397988e-09 5.3124671104 9
0.98813559322 5.2601123457e-10 5.32778077041 9
1.02186440678 2.04539385429e-10 5.34328816169 9
1.05559322034 7.63242802293e-11 5.35899224599 9
1.0893220339 2.73211453461e-11 5.37489483799 9
1.12305084746 9.36573041344e-12 5.3909967315 9
1.15677966102 3.08175707175e-12 5.40729782209 9
1.19050847458 9.71667191152e-13 5.42379722316 9
1.22423728814 3.00315328161e-13 5.44049337409 9
1.25796610169 8.64863736183e-14 5.45738413954 9
1.29169491525 2.6645352591e-14 5.47446689958 9
1.32542372881 5.3290705182e-15 5.49173863077 9
1.35915254237 2.33146835171e-15 5.5091959785 9
1.39288135593 1.11022302463e-16 5.52683532116 9
1.42661016949 0.0 5.54465282655 9
1.46033898305 0.0 5.56264450139 9
1.49406779661 0.0 5.58080623435 9
1.52779661017 0.0 5.59913383331 9
1.56152542373 0.0 5.61762305751 9
1.59525423729 0.0 5.63626964504 9
1.62898305085 0.0 5.65506933627 9
1.66271186441 0.0 5.67401789364 9
1.69644067797 0.0 5.69311111831 9
1.73016949153 0.0 5.71234486395 9
1.76389830508 0.0 5.73171504824 9
1.79762711864 0.0 5.75121766204 9
1.8313559322 0.0 5.77084877695 9
1.86508474576 0.0 5.79060455108 9
1.89881355932 0.0 5.81048123356 9
1.93254237288 0.0 5.83047516786 9
1.96627118644 0.0 5.85058279406 9
2.0 0.0 5.87080065026 9
