#occupation n= 1.3 U= 6.0
#T,|m|,mu,iteration times
0.01 0.00203654914634 4.67214657099 200
0.0437288135593 0.00140169114196 4.66955339765 12
0.0774576271186 0.0012041043537 4.67236696415 6
0.111186440678 0.00102246228333 4.67709985955 7
0.144915254237 0.000869267925316 4.68384984068 8
0.178644067797 0.000760648885827 4.69248225508 8
0.212372881356 0.000680022914579 4.70261913893 8
0.246101694915 0.000615999140474 4.71383408407 8
0.279830508475 0.00056009780359 4.72576040455 8
0.313559322034 0.000507466299292 4.73811785733 8
0.347288135593 0.000455116099367 4.75071382657 8
0.381016949153 0.000402008680563 4.7634121339 8
0.414745762712 0.000341312701567 4.77612688766 9
0.448474576271 0.000289229713656 4.78880742787 8
0.482203389831 0.000238926852277 4.8014292454 8
0.51593220339 0.000192103419738 4.81397825022 8
0.549661016949 0.000150056053578 4.82645971046 8
0.583389830508 0.000113711720014 4.83888698304 8
0.617118644068 8.34972433633e-05 4.85127677836 8
0.650847457627 5.934908762e-05 4.8636485163 8
0.684576271186 4.07994092548e-05 4.87602271548 8
0.718305084746 2.71060990824e-05 4.88841985549 8
0.752033898305 1.73929670702e-05 4.90085959871 8
0.785762711864 1.07729139005e-05 4.913360283 8
0.819491525424 6.43783579879e-06 4.92593861643 8
0.853220338983 3.71039295588e-06 4.93860952004 8
0.886949152542 1.8982665495e-06 4.95138607715 9
0.920677966102 9.31182853825e-07 4.96427955738 9
0.954406779661 4.3787090942e-07 4.97729949093 9
0.98813559322 1.97338153152e-07 4.99045377531 9
1.02186440678 8.52267584284e-08 5.0037488008 9
1.05559322034 3.52704256912e-08 5.01718958507 9
1.0893220339 1.39864615445e-08 5.03077990994 9
1.12305084746 5.31471744392e-09 5.04452245554 9
1.15677966102 1.93535543147e-09 5.05841892863 9
1.19050847458 6.75458688981e-10 5.07247018305 9
1.22423728814 2.25963692202e-10 5.08667633124 9
1.25796610169 7.24834636756e-11 5.10103684624 9
1.29169491525 2.23051577208e-11 5.11555065417 9
1.32542372881 6.57685017558e-12 5.13021621739 9
1.35915254237 1.85818027632e-12 5.14503160877 9
1.39288135593 5.07260899951e-13 5.15999457765 9
1.42661016949 1.22235555011e-13 5.17510260808 9
1.46033898305 3.39728245535e-14 5.19035297004 9
1.49406779661 7.9936057773e-15 5.20574276422 9
1.52779661017 2.77555756156e-15 5.22126896102 9
1.56152542373 1.11022302463e-16 5.23692843441 9
1.59525423729 0.0 5.25271799117 9
1.62898305085 0.0 5.26863439595 9
1.66271186441 0.0 5.28467439277 9
1.69644067797 0.0 5.30083472333 9
1.73016949153 0.0 5.31711214242 9
1.76389830508 0.0 5.33350343098 9
1.79762711864 0.0 5.35000540687 9
1.8313559322 0.0 5.36661493385 9
1.86508474576 0.0 5.38332892893 9
1.89881355932 0.0 5.40014436822 9
1.93254237288 0.0 5.41705829166 9
1.96627118644 0.0 5.43406780657 9
2.0 0.0 5.45117009043 9
