#occupation n= 0.95 U= 6.0
#T,|m|,mu,iteration times
0.01 0.545105582255 2.68554236619 34
0.0437288135593 0.541201167926 2.68591304964 41
0.0774576271186 0.53982026778 2.68631087582 41
0.111186440678 0.537713711973 2.6869669808 41
0.144915254237 0.53471644834 2.68791404246 42
0.178644067797 0.530768143346 2.68919428463 42
0.212372881356 0.525625084032 2.69087513834 43
0.246101694915 0.519113223471 2.69298693558 44
0.279830508475 0.510956503042 2.69553350588 46
0.313559322034 0.500942575899 2.6984794067 48
0.347288135593 0.488769255829 2.70177724064 51
0.381016949153 0.474178248804 2.70535891081 54
0.414745762712 0.456788844652 2.7091706352 58
0.448474576271 0.436136687971 2.71316324534 64
0.482203389831 0.411711877343 2.71727354094 71
0.51593220339 0.382669930396 2.72146542763 81
0.549661016949 0.347804547618 2.72569901678 96
0.583389830508 0.305176612937 2.72993176093 118
0.617118644068 0.25080245049 2.73413636683 158
0.650847457627 0.178408132589 2.73800602447 200
0.684576271186 0.0966572775682 2.7399330824 200
0.718305084746 0.0374978457725 2.73915295631 200
0.752033898305 0.0119378564865 2.73720904166 200
0.785762711864 0.00353235004644 2.73507222404 200
0.819491525424 0.00159358207328 2.73291067013 185
0.853220338983 0.00130373471879 2.73073960061 159
0.886949152542 0.00106793629791 2.72855775588 141
0.920677966102 0.000909282543192 2.72636284759 127
0.954406779661 0.000785800256599 2.72415295676 116
0.98813559322 0.000735139939355 2.7219264567 106
1.02186440678 0.000637152070043 2.71968203979 99
1.05559322034 0.000603211990911 2.71741860087 92
1.0893220339 0.000531369685503 2.71513530359 87
1.12305084746 0.000498169733914 2.71283147687 82
1.15677966102 0.000453354379305 2.7105066459 78
1.19050847458 0.000433362467661 2.70816047414 74
1.22423728814 0.000392454123116 2.70579276858 71
1.25796610169 0.000368697952981 2.70340343872 68
1.29169491525 0.000359175740909 2.70099249748 65
1.32542372881 0.000321908068678 2.69856004526 63
1.35915254237 0.000295678801728 2.6961062439 61
1.39288135593 0.00027826292024 2.6936313196 59
1.42661016949 0.000268236621692 2.69113554789 57
1.46033898305 0.000264780784196 2.68861924505 55
1.49406779661 0.000267569034657 2.68608276061 53
1.52779661017 0.000237970031973 2.6835264742 52
1.56152542373 0.000214353219418 2.68095077941 51
1.59525423729 0.000229665541092 2.67835608702 49
1.62898305085 0.000213169312929 2.67574282755 48
1.66271186441 0.000200296313697 2.67311143109 47
1.69644067797 0.000190492261201 2.67046233552 46
1.73016949153 0.000183346466167 2.6677959809 45
1.76389830508 0.000178563012726 2.66511280716 44
1.79762711864 0.000175940387177 2.66241325219 43
1.8313559322 0.000175357588029 2.65969775018 42
1.86508474576 0.00017676538918 2.65696673032 41
1.89881355932 0.00014702197535 2.65422061788 41
1.93254237288 0.000150848862346 2.65145982461 40
1.96627118644 0.000156466284068 2.64868476078 39
2.0 0.000132106117794 2.64589582821 39
