#occupation n= 1.25 U= 6.0
#T,|m|,mu,iteration times
0.01 0.397591835698 4.69166237976 53
0.0437288135593 0.393858178169 4.68838210765 26
0.0774576271186 0.383861280908 4.67358981562 39
0.111186440678 0.368727751218 4.65199340876 49
0.144915254237 0.351136488917 4.62869050051 56
0.178644067797 0.332828707791 4.60677616734 60
0.212372881356 0.314166949853 4.58713551014 63
0.246101694915 0.294673893223 4.56956406664 68
0.279830508475 0.273412111735 4.55355936386 76
0.313559322034 0.249179152007 4.53869024508 87
0.347288135593 0.220057996206 4.52448500969 107
0.381016949153 0.183139035064 4.51077477431 143
0.414745762712 0.133309458179 4.49815452646 200
0.448474576271 0.0735225756192 4.49221538284 200
0.482203389831 0.0220283870935 4.49709234898 200
0.51593220339 0.00459109136954 4.50766795925 147
0.549661016949 0.00306232887391 4.51865408425 26
0.583389830508 0.00225758667463 4.52952372701 15
0.617118644068 0.00180982682381 4.54029437592 9
0.650847457627 0.00143416118401 4.5509882935 8
0.684576271186 0.00109375499974 4.5616292888 8
0.718305084746 0.000802667538912 4.57224039395 8
0.752033898305 0.000566750592533 4.58284316299 8
0.785762711864 0.000384989081774 4.59345741332 8
0.819491525424 0.000251579691922 4.60410108611 8
0.853220338983 0.000158144659387 4.61479019521 8
0.886949152542 9.56261270429e-05 4.62553884273 8
0.920677966102 5.56215759538e-05 4.63635928383 8
0.954406779661 3.11219433927e-05 4.64726202586 8
0.98813559322 1.67521039096e-05 4.65825594947 8
1.02186440678 8.67529724768e-06 4.66934844162 8
1.05559322034 4.32270328088e-06 4.68054553299 8
1.0893220339 2.07270127739e-06 4.69185203443 8
1.12305084746 9.5651695764e-07 4.70327166866 8
1.15677966102 4.24910776231e-07 4.71480719498 8
1.19050847458 1.81733931126e-07 4.72646052555 8
1.22423728814 7.48515559534e-08 4.73823283247 8
1.25796610169 2.96957525237e-08 4.75012464551 8
1.29169491525 1.13508032973e-08 4.76213594051 8
1.32542372881 4.18133383473e-09 4.77426621895 8
1.35915254237 1.48486811735e-09 4.78651457892 8
1.39288135593 5.08487363327e-10 4.79887977828 8
1.42661016949 1.67961644593e-10 4.8113602906 8
1.46033898305 5.35407274072e-11 4.82395435434 8
1.49406779661 1.39354083828e-11 4.83666001608 9
1.52779661017 3.48099327141e-12 4.8494751683 9
1.56152542373 8.44213587925e-13 4.86239758227 9
1.59525423729 1.92401650168e-13 4.87542493665 9
1.62898305085 4.48530101949e-14 4.88855484215 9
1.66271186441 1.08801856413e-14 4.9017848628 9
1.69644067797 3.88578058619e-15 4.91511253419 9
1.73016949153 6.66133814775e-16 4.92853537908 9
1.76389830508 0.0 4.94205092058 9
1.79762711864 0.0 4.95565669338 9
1.8313559322 0.0 4.96935025313 9
1.86508474576 0.0 4.98312918424 9
1.89881355932 0.0 4.99699110637 9
1.93254237288 0.0 5.01093367967 9
1.96627118644 0.0 5.02495460908 9
2.0 0.0 5.03905164765 9
