#occupation n= 1.05 U= 6.0
#T,|m|,mu,iteration times
0.01 0.541602304122 3.40611576193 41
0.0437288135593 0.541921491438 3.40861039028 40
0.0774576271186 0.540561932521 3.40817423509 41
0.111186440678 0.53842782805 3.4073909585 41
0.144915254237 0.535381043161 3.40625168409 42
0.178644067797 0.531359529543 3.40469426436 42
0.212372881356 0.526104927564 3.40263477181 43
0.246101694915 0.519408295699 3.40002457858 45
0.279830508475 0.511111875362 3.39688956184 46
0.313559322034 0.500857704687 3.39324704122 49
0.347288135593 0.488499357433 3.38919857573 51
0.381016949153 0.473628907816 3.38479927258 55
0.414745762712 0.455982324792 3.38014816276 59
0.448474576271 0.435053048925 3.37530152441 65
0.482203389831 0.410281620654 3.3703273831 73
0.51593220339 0.380895135446 3.36529046663 83
0.549661016949 0.345615387019 3.36022874861 98
0.583389830508 0.302403398762 3.3551857543 121
0.617118644068 0.247128099685 3.35019867661 163
0.650847457627 0.173955753007 3.34569356954 200
0.684576271186 0.0928600916685 3.34353249326 200
0.718305084746 0.0357997242174 3.3444028895 200
0.752033898305 0.0114390006776 3.34647602624 200
0.785762711864 0.00340867361883 3.34871888014 200
0.819491525424 0.00160074722526 3.3509618342 184
0.853220338983 0.00128473185458 3.35319219787 159
0.886949152542 0.00105998276418 3.35541394824 141
0.920677966102 0.000907243649707 3.35763176676 127
0.954406779661 0.000787054810245 3.35984975295 116
0.98813559322 0.000694375469949 3.36207148497 107
1.02186440678 0.000641388565282 3.36430005705 99
1.05559322034 0.00056503056043 3.36653810795 93
1.0893220339 0.000536405865195 3.3687879058 87
1.12305084746 0.000503337039443 3.37105134087 82
1.15677966102 0.000458352406699 3.37332999604 78
1.19050847458 0.000438338588457 3.37562517991 74
1.22423728814 0.000397086581781 3.37793794162 71
1.25796610169 0.000373123627215 3.38026912406 68
1.29169491525 0.00036352285895 3.38261937353 65
1.32542372881 0.000325821976646 3.38498916571 63
1.35915254237 0.00029927230766 3.38737884083 61
1.39288135593 0.000281629666213 3.38978860887 59
1.42661016949 0.000271456875723 3.39221857206 57
1.46033898305 0.000267926347263 3.39466874015 55
1.49406779661 0.000234007946589 3.39713904084 54
1.52779661017 0.00024073251835 3.39962934384 52
1.56152542373 0.000216812653976 3.40213945061 51
1.59525423729 0.000232256307691 3.40466912668 49
1.62898305085 0.000215541497226 3.4072180873 48
1.66271186441 0.000202493696925 3.40978602408 47
1.69644067797 0.000192551474288 3.41237259978 46
1.73016949153 0.000185298665869 3.4149774566 45
1.76389830508 0.000180435220955 3.41760022084 44
1.79762711864 0.00017775658004 3.42024050689 43
1.8313559322 0.000177139602736 3.4228979207 42
1.86508474576 0.000146337964481 3.42557206069 42
1.89881355932 0.000148476037511 3.42826252835 41
1.93254237288 0.000152317592403 3.43096891851 40
1.96627118644 0.000157966191753 3.43369082899 39
2.0 0.000133358292494 3.43642785829 39
