#occupation n= 0.75 U= 6.0
#T,|m|,mu,iteration times
0.01 0.40541490996 1.38087657161 56
0.0437288135593 0.402863833335 1.38727089475 18
0.0774576271186 0.396696988582 1.39651450617 28
0.111186440678 0.386419688175 1.41159448596 36
0.144915254237 0.373133294265 1.4301235849 41
0.178644067797 0.357923916085 1.44973066545 45
0.212372881356 0.341338481961 1.46898881927 49
0.246101694915 0.323425444842 1.48726025863 53
0.279830508475 0.303672800674 1.50451157511 59
0.313559322034 0.281252466631 1.52087951586 68
0.347288135593 0.254977562376 1.53652392392 81
0.381016949153 0.222948770368 1.55161607064 102
0.414745762712 0.181726858242 1.56621934173 141
0.448474576271 0.125038330917 1.5793734874 200
0.482203389831 0.0588349031544 1.58392824838 200
0.51593220339 0.0125071563977 1.57683523444 200
0.549661016949 0.00368493784242 1.56602514304 93
0.583389830508 0.00255005293642 1.55517342969 20
0.617118644068 0.00192690405102 1.54440741419 12
0.650847457627 0.00154326337121 1.53370573816 8
0.684576271186 0.00118735717097 1.52304577973 8
0.718305084746 0.000877650477839 1.51240513898 8
0.752033898305 0.000623303757729 1.50176312962 8
0.785762711864 0.000425359459524 1.49110092733 8
0.819491525424 0.000278953695944 1.48040163126 8
0.853220338983 0.000175821128787 1.46965026267 8
0.886949152542 0.000106516963953 1.45883371564 8
0.920677966102 6.20332672414e-05 1.44794067184 8
0.954406779661 3.47330188034e-05 1.43696148987 8
0.98813559322 1.86995652898e-05 1.42588807866 8
1.02186440678 9.68181203853e-06 1.41471376314 8
1.05559322034 4.82158114246e-06 1.40343314818 8
1.0893220339 2.3099810445e-06 1.39204198541 8
1.12305084746 1.0648758253e-06 1.38053704591 8
1.15677966102 4.72447830191e-07 1.36891600054 8
1.19050847458 2.01777626774e-07 1.35717730906 8
1.22423728814 8.29780885114e-08 1.34532011844 8
1.25796610169 3.28654041204e-08 1.33334417041 8
1.29169491525 1.25406535156e-08 1.32124971806 8
1.32542372881 4.61140964303e-09 1.30903745109 8
1.35915254237 1.63460128766e-09 1.2967084291 8
1.39288135593 5.58720014698e-10 1.28426402247 8
1.42661016949 1.84217974208e-10 1.27170586011 8
1.46033898305 5.8606841602e-11 1.2590357835 8
1.49406779661 1.5231205186e-11 1.24625580644 9
1.52779661017 3.80112608056e-12 1.23336807991 9
1.56152542373 9.13269460057e-13 1.22037486146 9
1.59525423729 2.10775841225e-13 1.20727848879 9
1.62898305085 4.93494134446e-14 1.19408135683 9
1.66271186441 9.10382880193e-15 1.18078589812 9
1.69644067797 1.60982338571e-15 1.16739456597 9
1.73016949153 2.77555756156e-16 1.15390982013 9
1.76389830508 0.0 1.14033411463 9
1.79762711864 0.0 1.12666988754 9
1.8313559322 0.0 1.11291955242 9
1.86508474576 0.0 1.09908549118 9
1.89881355932 0.0 1.08517004825 9
1.93254237288 0.0 1.07117552583 9
1.96627118644 0.0 1.05710418012 9
2.0 0.0 1.04295821829 9
