#occupation n= 1.1 U= 6.0
#T,|m|,mu,iteration times
0.01 0.527050408682 3.76350213591 39
0.0437288135593 0.528712463996 3.76408871975 42
0.0774576271186 0.527277676665 3.76305926427 42
0.111186440678 0.524836383078 3.76135753561 43
0.144915254237 0.521357124863 3.75887036743 44
0.178644067797 0.516698144071 3.7554507595 44
0.212372881356 0.51054620991 3.75093663616 46
0.246101694915 0.502817097912 3.74536428877 47
0.279830508475 0.493206414274 3.73876441427 50
0.313559322034 0.481615901655 3.73133314585 52
0.347288135593 0.467726541947 3.72320372264 55
0.381016949153 0.451202511147 3.71452838978 60
0.414745762712 0.431753107878 3.70549817885 65
0.448474576271 0.408809044641 3.69621514207 72
0.482203389831 0.381694338272 3.6867984299 81
0.51593220339 0.349349938946 3.67733630548 94
0.549661016949 0.310078860025 3.66789801089 114
0.583389830508 0.260779827355 3.65855654266 148
0.617118644068 0.195340612046 3.64959610404 200
0.650847457627 0.117244091374 3.64386926545 200
0.684576271186 0.0509908313543 3.64398470298 200
0.718305084746 0.0175219520533 3.64763127359 200
0.752033898305 0.0054392136007 3.65200701993 200
0.785762711864 0.00176754829565 3.6564413368 197
0.819491525424 0.00136986042144 3.66086174733 169
0.853220338983 0.00115137932429 3.6652696232 148
0.886949152542 0.00100393462473 3.66967372683 132
0.920677966102 0.000868649703247 3.67408182547 120
0.954406779661 0.000732724924346 3.67850071844 111
0.98813559322 0.000691601709296 3.68293632461 102
1.02186440678 0.000589913671784 3.68739360787 96
1.05559322034 0.00054188715969 3.69187689041 90
1.0893220339 0.000493182159337 3.69638974233 85
1.12305084746 0.00047702369883 3.70093515612 80
1.15677966102 0.000446023728093 3.70551555818 76
1.19050847458 0.000396073250489 3.71013291058 73
1.22423728814 0.000364768993498 3.71478876399 70
1.25796610169 0.000348284853729 3.71948428783 67
1.29169491525 0.000344643079436 3.72422033024 64
1.32542372881 0.000312771383521 3.72899745128 62
1.35915254237 0.000290798423387 3.73381598611 60
1.39288135593 0.000276927484574 3.7386760524 58
1.42661016949 0.0002700507621 3.74357758968 56
1.46033898305 0.000269601055221 3.74852038581 54
1.49406779661 0.000237510645384 3.7535040936 53
1.52779661017 0.000247052911544 3.75852827721 51
1.56152542373 0.000224364628402 3.76359238588 50
1.59525423729 0.000206311644203 3.76869581356 49
1.62898305085 0.000192063058806 3.7738378874 48
1.66271186441 0.000180991223943 3.77901788641 47
1.69644067797 0.000206273330343 3.78423505662 45
1.73016949153 0.000166618583741 3.78948859633 45
1.76389830508 0.000162722884684 3.79477771137 44
1.79762711864 0.000160773252963 3.80010157434 43
1.8313559322 0.000160675824052 3.80545935407 42
1.86508474576 0.000162401084636 3.81085021579 41
1.89881355932 0.000165980759414 3.81627332529 40
1.93254237288 0.000138992945453 3.8217278483 40
1.96627118644 0.000144547728432 3.82721296955 39
2.0 0.000151937696895 3.83272787173 38
