#occupation n= 1.0 U= 6.0
#T,|m|,mu,iteration times
0.01 0.545061699761 3.04648159305 36
0.0437288135593 0.545856032063 3.04733144247 40
0.0774576271186 0.544591596634 3.04730662922 40
0.111186440678 0.542507013634 3.04724948076 41
0.144915254237 0.539630321876 3.04716435298 41
0.178644067797 0.535768601429 3.04704240116 42
0.212372881356 0.530794174222 3.04687721877 43
0.246101694915 0.52449600979 3.04665929803 44
0.279830508475 0.516628634272 3.04638829436 45
0.313559322034 0.506903132753 3.0460699546 47
0.347288135593 0.49504836696 3.04571255021 50
0.381016949153 0.480807514539 3.04532601201 53
0.414745762712 0.463804156368 3.044919607 57
0.448474576271 0.443584838925 3.0445015799 63
0.482203389831 0.419665187149 3.04407885479 70
0.51593220339 0.391280152127 3.0436570003 79
0.549661016949 0.357266970761 3.04324132176 93
0.583389830508 0.315881387319 3.04283352007 113
0.617118644068 0.263575577421 3.04243624485 149
0.650847457627 0.193772372647 3.04206142639 200
0.684576271186 0.1113208613 3.04181294909 200
0.718305084746 0.0454669917775 3.04177035262 200
0.752033898305 0.0147975838686 3.04182132299 200
0.785762711864 0.00440645355926 3.04187618825 200
0.819491525424 0.00164883988012 3.04191989418 191
0.853220338983 0.00134833009966 3.04195233675 163
0.886949152542 0.00109809395333 3.04197476541 144
0.920677966102 0.000946486943536 3.04198842123 129
0.954406779661 0.000841798083312 3.04199442302 117
0.98813559322 0.00072825585307 3.04199377722 108
1.02186440678 0.000660994867471 3.04198738625 100
1.05559322034 0.00057384781494 3.04197605599 94
1.0893220339 0.000537207192112 3.04196050461 88
1.12305084746 0.000497852283549 3.0419413699 83
1.15677966102 0.000448381640816 3.04191921699 79
1.19050847458 0.000424249662863 3.04189454523 75
1.22423728814 0.000380716640963 3.04186779473 72
1.25796610169 0.000354474302264 3.04183935234 69
1.29169491525 0.000342277033097 3.0418095573 66
1.32542372881 0.000342600255818 3.04177870626 63
1.35915254237 0.00031397169915 3.041747058 61
1.39288135593 0.000294820514033 3.04171483749 59
1.42661016949 0.000283575586393 3.04168223979 57
1.46033898305 0.000279319266604 3.04164943347 55
1.49406779661 0.000243684124871 3.0416165637 54
1.52779661017 0.000250203064586 3.04158375481 52
1.56152542373 0.000225105700186 3.0415511131 51
1.59525423729 0.000205093974343 3.04151872867 50
1.62898305085 0.000223149227498 3.04148667754 48
1.66271186441 0.000209436950654 3.04145502349 47
1.69644067797 0.000198963617267 3.04142381936 46
1.73016949153 0.000191289383614 3.04139310857 45
1.76389830508 0.000186096217103 3.04136292627 44
1.79762711864 0.000183165960154 3.04133330042 43
1.8313559322 0.000182365301784 3.04130425274 42
1.86508474576 0.000150641237677 3.04127579954 42
1.89881355932 0.000152706380601 3.04124795238 41
1.93254237288 0.000156519426748 3.04122071883 40
1.96627118644 0.000162182070086 3.04119410296 39
2.0 0.000136906987896 3.04116810587 39
