#mup-mu Tcp-Tc iteration number
5.32550649117e-05 8.28526654656e-06 31
7.13647135671e-05 0.000291207656979 39
8.95148611622e-05 6.07010208341e-05 28
5.84581624574e-05 5.81053150787e-05 27
9.99546058975e-05 0.000110955678843 35
1.37921855076e-05 0.000971781376904 28
7.68434109918e-05 6.36443005179e-05 38
3.15834854175e-05 0.000166477907095 47
6.31037888983e-05 5.77904119128e-07 60
9.09655986099e-05 0.000233127604616 76
6.46442145704e-05 5.57736044646e-07 69
9.31226205989e-05 0.00023358149965 79
0.000192448088735 0.00257155215666 200
9.64725940824e-05 0.000238639461506 55
9.60677343091e-05 0.000275391890321 38
8.76121094358e-05 0.000321497865719 28
8.02338937493e-05 0.000314048911132 18
7.4168401814e-05 0.000161063113729 16
9.39537564877e-05 4.87737129908e-05 16
2.73728606195e-05 0.000743608618454 16
9.70526384076e-05 0.000497693145182 26
9.80887177975e-05 0.000351906068021 35
9.23331311746e-05 0.000265384235399 47
9.43117921741e-05 0.000241892810305 76
9.87797924239e-05 9.63288175438e-07 126
8.5320010256e-05 6.82910894992e-05 75
9.72478089025e-05 0.000187661460559 53
9.8310148668e-05 0.000437923523028 42
7.93594915622e-05 0.000739650926542 36
9.54012143968e-05 0.000498519364331 35
9.9327154703e-05 0.000167241496117 43
3.14669303156e-05 0.000480927598763 38
8.46773516141e-05 7.51275955782e-07 37
4.27346172067e-05 0.000615713729971 27
8.22347338083e-05 8.62818011506e-07 47
2.59230228394e-05 0.000102024908659 32
7.09781777442e-05 0.000157683992362 29
