#occupation n Tc mu U
0.1 0.0 -3.07738928165 6.0
0.15 0.00316464643745 -2.61679347694 6.0
0.2 0.00346005652426 -2.2043795437 6.0
0.25 0.00623617705668 -1.78798186442 6.0
0.3 0.00856468026547 -1.36824005706 6.0
0.35 0.0107758483148 -0.986691190204 6.0
0.4 0.00686476598418 -0.608829294536 6.0
0.45 0.00251942615115 -0.239849508079 6.0
0.5 0.0 0.142975652697 6.0
0.55 0.0039865208169 0.483831129454 6.0
0.6 0.0 0.837645706244 6.0
0.65 0.00884395914931 1.13735213467 6.0
0.7 0.0361798057031 1.45036356554 6.0
0.75 0.473068627123 1.61790769428 6.0
0.8 0.564030517622 1.89040844726 6.0
0.85 0.620592086373 2.17725516176 6.0
0.9 0.656292257529 2.4713988331 6.0
0.95 0.674822930949 2.76960408312 6.0
1.0 0.680393392113 3.06931974045 6.0
1.05 0.673552270436 3.36915051123 6.0
1.1 0.649449325641 3.66674432285 6.0
1.15 0.607955098903 3.95950948849 6.0
1.2 0.541884764885 4.24344701551 6.0
1.25 0.424551912464 4.50666747031 6.0
1.3 0.0 4.69096215682 6.0
1.35 0.0215973736975 5.00750508378 6.0
1.4 0.0262394241446 5.34061347471 6.0
1.45 0.0247078883917 5.68050534455 6.0
1.5 0.0222227014483 6.02904685021 6.0
1.55 0.0191606771393 6.38530352775 6.0
1.6 0.010583338436 6.74654033968 6.0
1.65 0.0025046518872 7.13051187135 6.0
1.7 0.0 7.53855785228 6.0
1.75 0.00328022633444 7.92987279238 6.0
1.8 0.0 8.33900574054 6.0
1.85 0.00250595014876 8.7453110002 6.0
1.9 0.00557680501835 9.16427704709 6.0
