#occupation n= 0.9 U= 6.0
#|mQ|,F_afm
0.0 -2.66793466083
0.0236315789474 -2.61691527893
0.0472631578947 -2.52543729825
0.0708947368421 -2.42883059244
0.0945263157895 -2.33191554519
0.118157894737 -2.23488072746
0.141789473684 -2.13716160286
0.165421052632 -2.03810423487
0.189052631579 -1.93710299413
0.212684210526 -1.8336253851
0.236315789474 -1.72720943056
0.259947368421 -1.61745488839
0.283578947368 -1.50401405757
0.307210526316 -1.38658365623
0.330842105263 -1.26489800498
0.354473684211 -1.13872339526
0.378105263158 -1.00785344679
0.401736842105 -0.872105267108
0.425368421053 -0.731316255937
0.449 -0.585341428478
