#occupation n= 0.9 U= 3.0
#|mQ|,F_afm
0.0 -2.06043466083
0.0236315789474 -2.04443665576
0.0472631578947 -2.00606456979
0.0708947368421 -1.95760568886
0.0945263157895 -1.90453446168
0.118157894737 -1.84882292017
0.141789473684 -1.79117421017
0.165421052632 -1.73182011843
0.189052631579 -1.67080419893
0.212684210526 -1.60809120306
0.236315789474 -1.54361299892
0.259947368421 -1.47728907751
0.283578947368 -1.40903607378
0.307210526316 -1.33877223941
0.330842105263 -1.26641948694
0.354473684211 -1.19190422874
0.378105263158 -1.11515760909
0.401736842105 -1.03611543237
0.425368421053 -0.95471794466
0.449 -0.870909551585
