#occupation n= 0.9 U= 12.0
#|mQ|,F_afm
0.0 -3.88293466083
0.0236315789474 -3.74713871653
0.0472631578947 -3.57372121832
0.0708947368421 -3.41247436741
0.0945263157895 -3.25932568665
0.118157894737 -3.10974488763
0.141789473684 -2.96026511574
0.165421052632 -2.80826750083
0.189052631579 -2.65174421687
0.212684210526 -2.48913113682
0.236315789474 -2.31919298672
0.259947368421 -2.14094298021
0.283578947368 -1.95358513724
0.307210526316 -1.75647193068
0.330842105263 -1.54907259812
0.354473684211 -1.3309490705
0.378105263158 -1.10173745931
0.401736842105 -0.861133672007
0.425368421053 -0.608882136811
0.449 -0.34476689686
