#occupation n= 0.9 U= 9.0
#|mQ|,F_afm
0.0 -3.27543466083
0.0236315789474 -3.18265781628
0.0472631578947 -3.04638271986
0.0708947368421 -2.91356034987
0.0945263157895 -2.78487011256
0.118157894737 -2.65820741434
0.141789473684 -2.53159453192
0.165421052632 -2.40341090501
0.189052631579 -2.27234809635
0.212684210526 -2.13734361453
0.236315789474 -1.99752658085
0.259947368421 -1.8521765949
0.283578947368 -1.70069284319
0.307210526316 -1.54257066356
0.330842105263 -1.37738350678
0.354473684211 -1.20476885106
0.378105263158 -1.02441705968
0.401736842105 -0.836062467392
0.425368421053 -0.639476181235
0.449 -0.434460218381
