#occupation n= 0.9 U= 1.0
#|mQ|,F_afm
0.0 -1.65543466083
0.0236315789474 -1.65316173129
0.0472631578947 -1.6465427656
0.0708947368421 -1.63608594662
0.0945263157895 -1.62241586337
0.118157894737 -1.60611664379
0.141789473684 -1.58766173323
0.165421052632 -1.5674066341
0.189052631579 -1.54560827805
0.212684210526 -1.52244930658
0.236315789474 -1.49805891386
0.259947368421 -1.47252854943
0.283578947368 -1.44592311542
0.307210526316 -1.41828877607
0.330842105263 -1.38965837319
0.354473684211 -1.36005519164
0.378105263158 -1.32949559657
0.401736842105 -1.29799089769
0.425368421053 -1.26554868108
0.449 -1.23217377037
