#occupation n= 0.9 U= 9.0
#|m|,F_fm
0.0 -3.27543466083
0.0236315789474 -3.23272749068
0.0472631578947 -3.21943708628
0.0708947368421 -3.23230909238
0.0945263157895 -3.2376380969
0.118157894737 -3.23724446168
0.141789473684 -3.25466779652
0.165421052632 -3.26438764032
0.189052631579 -3.28142795286
0.212684210526 -3.31244728906
0.236315789474 -3.31041772016
0.259947368421 -3.34018729525
0.283578947368 -3.34057864919
0.307210526316 -3.3759113489
0.330842105263 -3.40116894022
0.354473684211 -3.40130434084
0.378105263158 -3.415009821
0.401736842105 -3.28307672595
0.425368421053 -3.10716449603
0.449 -2.92120013869
