#occupation n= 0.9 U= 3.0
#|m|,F_fm
0.0 -2.06043466083
0.0236315789474 -2.07038566183
0.0472631578947 -2.04118863048
0.0708947368421 -2.00767536326
0.0945263157895 -2.01981915032
0.118157894737 -1.99679756458
0.141789473684 -1.96422857658
0.165421052632 -1.95940007748
0.189052631579 -1.94953449305
0.212684210526 -1.92683994556
0.236315789474 -1.88092673492
0.259947368421 -1.86911715189
0.283578947368 -1.86180405812
0.307210526316 -1.82825319152
0.330842105263 -1.7973763314
0.354473684211 -1.77094127608
0.378105263158 -1.7476076554
0.401736842105 -1.7199893872
0.425368421053 -1.67779120926
0.449 -1.64420799439
