#occupation n= 0.9 U= 6.0
#|m|,F_fm
0.0 -2.66793466083
0.0236315789474 -2.65203933963
0.0472631578947 -2.64072198688
0.0708947368421 -2.60188495885
0.0945263157895 -2.61064583931
0.118157894737 -2.57219446345
0.141789473684 -2.5899295872
0.165421052632 -2.56906107932
0.189052631579 -2.56955304045
0.212684210526 -2.5566986497
0.236315789474 -2.51983879355
0.259947368421 -2.54519908818
0.283578947368 -2.51309391407
0.307210526316 -2.49189903853
0.330842105263 -2.49565017929
0.354473684211 -2.45161453457
0.378105263158 -2.42767677905
0.401736842105 -2.41518547924
0.425368421053 -2.37120206193
0.449 -2.35751797139
