#occupation n= 0.9 U= 12.0
#|m|,F_fm
0.0 -3.88293466083
0.0236315789474 -3.86242340517
0.0472631578947 -3.85245151244
0.0708947368421 -3.86524235175
0.0945263157895 -3.89177573297
0.118157894737 -3.90237425061
0.141789473684 -3.96934497225
0.165421052632 -4.03901967514
0.189052631579 -4.07156754913
0.212684210526 -4.12901694282
0.236315789474 -4.2048976332
0.259947368421 -4.2772521058
0.283578947368 -4.34417789857
0.307210526316 -4.21056944894
0.330842105263 -4.02963115531
0.354473684211 -3.83529002512
0.378105263158 -3.62754605836
0.401736842105 -3.40639925504
0.425368421053 -3.17184961515
0.449 -2.92389713869
