#occupation n= 0.9 U= 1.0
#|m|,F_fm
0.0 -1.65543466083
0.0236315789474 -1.65371313138
0.0472631578947 -1.65112713926
0.0708947368421 -1.66203495268
0.0945263157895 -1.67135094301
0.118157894737 -1.64814033067
0.141789473684 -1.62278579392
0.165421052632 -1.59687608566
0.189052631579 -1.57972360134
0.212684210526 -1.57251898099
0.236315789474 -1.57005110271
0.259947368421 -1.57153435887
0.283578947368 -1.56120780406
0.307210526316 -1.54425862032
0.330842105263 -1.52669105579
0.354473684211 -1.50802983605
0.378105263158 -1.48374220683
0.401736842105 -1.46460422587
0.425368421053 -1.4386030475
0.449 -1.42455985359
