# Temp,hmesh,Mz
0.01 1e-08 1.96288474363e-09
0.01 0.0157894831579 0.00320891161787
0.01 0.0315789563158 0.00713703746286
0.01 0.0473684294737 0.0116034336799
0.01 0.0631579026316 0.0156224500793
0.01 0.0789473757895 0.0196936674414
0.01 0.0947368489474 0.0240993996478
0.01 0.110526322105 0.0278521647157
0.01 0.126315795263 0.0310508405149
0.01 0.142105268421 0.0344411190526
0.01 0.157894741579 0.0385671038032
0.01 0.173684214737 0.0428713945286
0.01 0.189473687895 0.0467012825998
0.01 0.205263161053 0.0509201306504
0.01 0.221052634211 0.0552330696298
0.01 0.236842107368 0.0588926453504
0.01 0.252631580526 0.062293338209
0.01 0.268421053684 0.0660021896944
0.01 0.284210526842 0.0700315866554
0.01 0.3 0.0736875789497
0.0252631578947 1e-08 2.3982296149e-09
0.0252631578947 0.0157894831579 0.00380115005706
0.0252631578947 0.0315789563158 0.0076714313532
0.0252631578947 0.0473684294737 0.0116214854015
0.0252631578947 0.0631579026316 0.0156127114554
0.0252631578947 0.0789473757895 0.0195986174628
0.0252631578947 0.0947368489474 0.023535518605
0.0252631578947 0.110526322105 0.0273946261603
0.0252631578947 0.126315795263 0.0312000124592
0.0252631578947 0.142105268421 0.0350193574661
0.0252631578947 0.157894741579 0.0389024725019
0.0252631578947 0.173684214737 0.0428449881168
0.0252631578947 0.189473687895 0.04681706344
0.0252631578947 0.205263161053 0.0507905767183
0.0252631578947 0.221052634211 0.0547282106634
0.0252631578947 0.236842107368 0.0586039105283
0.0252631578947 0.252631580526 0.0624366576501
0.0252631578947 0.268421053684 0.0662694427901
0.0252631578947 0.284210526842 0.0701295285034
0.0252631578947 0.3 0.0740297047379
0.0405263157895 1e-08 2.46164688633e-09
0.0405263157895 0.0157894831579 0.00388879116072
0.0405263157895 0.0315789563158 0.00778569328317
0.0405263157895 0.0473684294737 0.0116937980065
0.0405263157895 0.0631579026316 0.0156095863261
0.0405263157895 0.0789473757895 0.0195249441127
0.0405263157895 0.0947368489474 0.0234320976403
0.0405263157895 0.110526322105 0.0273286790834
0.0405263157895 0.126315795263 0.0312181284865
0.0405263157895 0.142105268421 0.035108234064
0.0405263157895 0.157894741579 0.0390057435564
0.0405263157895 0.173684214737 0.0429127473387
0.0405263157895 0.189473687895 0.0468266873726
0.0405263157895 0.205263161053 0.0507408896879
0.0405263157895 0.221052634211 0.0546491215549
0.0405263157895 0.236842107368 0.0585482375078
0.0405263157895 0.252631580526 0.0624404307572
0.0405263157895 0.268421053684 0.0663306695869
0.0405263157895 0.284210526842 0.070225296417
0.0405263157895 0.3 0.0741285670387
0.0557894736842 1e-08 2.47079290361e-09
0.0557894736842 0.0157894831579 0.00390172609336
0.0557894736842 0.0315789563158 0.00780468059242
0.0557894736842 0.0473684294737 0.0117089093503
0.0557894736842 0.0631579026316 0.0156141880346
0.0557894736842 0.0789473757895 0.0195192153749
0.0557894736842 0.0947368489474 0.0234234886226
0.0557894736842 0.110526322105 0.0273264253628
0.0557894736842 0.126315795263 0.0312282684714
0.0557894736842 0.142105268421 0.0351301353684
0.0557894736842 0.157894741579 0.039033211856
0.0557894736842 0.173684214737 0.0429373479578
0.0557894736842 0.189473687895 0.046842383097
0.0557894736842 0.205263161053 0.0507474849584
0.0557894736842 0.221052634211 0.0546520444173
0.0557894736842 0.236842107368 0.0585552578223
0.0557894736842 0.252631580526 0.0624573934518
0.0557894736842 0.268421053684 0.0663596273439
0.0557894736842 0.284210526842 0.0702622585904
0.0557894736842 0.3 0.0741661827069
0.0710526315789 1e-08 2.47290321553e-09
0.0710526315789 0.0157894831579 0.00390516513083
0.0710526315789 0.0315789563158 0.00781012080821
0.0710526315789 0.0473684294737 0.0117153617042
0.0710526315789 0.0631579026316 0.0156205626247
0.0710526315789 0.0789473757895 0.0195258927366
0.0710526315789 0.0947368489474 0.0234311209153
0.0710526315789 0.110526322105 0.0273363192858
0.0710526315789 0.126315795263 0.0312414551206
0.0710526315789 0.142105268421 0.0351465245608
0.0710526315789 0.157894741579 0.0390516353422
0.0710526315789 0.173684214737 0.042956795355
0.0710526315789 0.189473687895 0.0468622988614
0.0710526315789 0.205263161053 0.050767708128
0.0710526315789 0.221052634211 0.0546731519754
0.0710526315789 0.236842107368 0.0585784679481
0.0710526315789 0.252631580526 0.0624837598401
0.0710526315789 0.268421053684 0.0663890441146
0.0710526315789 0.284210526842 0.0702942001726
0.0710526315789 0.3 0.074199765285
0.0863157894737 1e-08 2.47433040723e-09
0.0863157894737 0.0157894831579 0.00390716890495
0.0863157894737 0.0315789563158 0.0078142888131
0.0863157894737 0.0473684294737 0.0117216624516
0.0863157894737 0.0631579026316 0.0156290438189
0.0863157894737 0.0789473757895 0.0195361933967
0.0863157894737 0.0947368489474 0.0234435047547
0.0863157894737 0.110526322105 0.0273506504561
0.0863157894737 0.126315795263 0.0312578774224
0.0863157894737 0.142105268421 0.0351651921092
0.0863157894737 0.157894741579 0.0390726563261
0.0863157894737 0.173684214737 0.0429800341924
0.0863157894737 0.189473687895 0.0468872806292
0.0863157894737 0.205263161053 0.0507947269723
0.0863157894737 0.221052634211 0.0547023436668
0.0863157894737 0.236842107368 0.0586097530442
0.0863157894737 0.252631580526 0.0625172986791
0.0863157894737 0.268421053684 0.066424767644
0.0863157894737 0.284210526842 0.0703324637402
0.0863157894737 0.3 0.0742401287005
0.101578947368 1e-08 2.47591558367e-09
0.101578947368 0.0157894831579 0.00390980386756
0.101578947368 0.0315789563158 0.0078193605048
0.101578947368 0.0473684294737 0.0117290866013
0.101578947368 0.0631579026316 0.0156390254358
0.101578947368 0.0789473757895 0.0195489186294
0.101578947368 0.0947368489474 0.0234586789593
0.101578947368 0.110526322105 0.0273684631267
0.101578947368 0.126315795263 0.0312783263248
0.101578947368 0.142105268421 0.0351880404117
0.101578947368 0.157894741579 0.0390977911176
0.101578947368 0.173684214737 0.0430077864477
0.101578947368 0.189473687895 0.0469178825326
0.101578947368 0.205263161053 0.0508281623027
0.101578947368 0.221052634211 0.0547382036249
0.101578947368 0.236842107368 0.0586481508426
0.101578947368 0.252631580526 0.0625582894598
0.101578947368 0.268421053684 0.0664683906968
0.101578947368 0.284210526842 0.0703788189429
0.101578947368 0.3 0.0742891640307
0.116842105263 1e-08 2.47779807783e-09
0.116842105263 0.0157894831579 0.00391263965112
0.116842105263 0.0315789563158 0.00782548276234
0.116842105263 0.0473684294737 0.011738290541
0.116842105263 0.0631579026316 0.0156511102006
0.116842105263 0.0789473757895 0.0195638415027
0.116842105263 0.0947368489474 0.0234767257166
0.116842105263 0.110526322105 0.0273895702501
0.116842105263 0.126315795263 0.0313024811109
0.116842105263 0.142105268421 0.0352152791256
0.116842105263 0.157894741579 0.0391283371653
0.116842105263 0.173684214737 0.043041571555
0.116842105263 0.189473687895 0.0469545741528
0.116842105263 0.205263161053 0.0508676839506
0.116842105263 0.221052634211 0.0547809770106
0.116842105263 0.236842107368 0.0586944001776
0.116842105263 0.252631580526 0.0626076103914
0.116842105263 0.268421053684 0.0665211182442
0.116842105263 0.284210526842 0.0704347807087
0.116842105263 0.3 0.074348622917
0.132105263158 1e-08 2.48005482817e-09
0.132105263158 0.0157894831579 0.00391646876336
0.132105263158 0.0315789563158 0.00783292802346
0.132105263158 0.0473684294737 0.0117491097077
0.132105263158 0.0631579026316 0.0156654229461
0.132105263158 0.0789473757895 0.0195817540727
0.132105263158 0.0947368489474 0.0234981036071
0.132105263158 0.110526322105 0.0274145762641
0.132105263158 0.126315795263 0.0313312817895
0.132105263158 0.142105268421 0.0352483137352
0.132105263158 0.157894741579 0.0391648844477
0.132105263158 0.173684214737 0.0430816113996
0.132105263158 0.189473687895 0.046998426087
0.132105263158 0.205263161053 0.0509152198095
0.132105263158 0.221052634211 0.0548322666434
0.132105263158 0.236842107368 0.0587497118319
0.132105263158 0.252631580526 0.0626672883597
0.132105263158 0.268421053684 0.0665846226431
0.132105263158 0.284210526842 0.070502004779
0.132105263158 0.3 0.0744195451105
0.147368421053 1e-08 2.48273335224e-09
0.147368421053 0.0157894831579 0.00392075824271
0.147368421053 0.0315789563158 0.00784147155949
0.147368421053 0.0473684294737 0.0117621779383
0.147368421053 0.0631579026316 0.0156827369496
0.147368421053 0.0789473757895 0.0196034574614
0.147368421053 0.0947368489474 0.0235246298809
0.147368421053 0.110526322105 0.0274452552237
0.147368421053 0.126315795263 0.0313660184109
0.147368421053 0.142105268421 0.0352869275526
0.147368421053 0.157894741579 0.0392080847113
0.147368421053 0.173684214737 0.0431290884416
0.147368421053 0.189473687895 0.0470505368032
0.147368421053 0.205263161053 0.050971661679
0.147368421053 0.221052634211 0.0548931527406
0.147368421053 0.236842107368 0.0588148168474
0.147368421053 0.252631580526 0.0627365671571
0.147368421053 0.268421053684 0.0666583881016
0.147368421053 0.284210526842 0.0705807000381
0.147368421053 0.3 0.0745029146946
0.162631578947 1e-08 2.48588272189e-09
0.162631578947 0.0157894831579 0.00392554548128
0.162631578947 0.0315789563158 0.0078511435371
0.162631578947 0.0473684294737 0.0117765186238
0.162631578947 0.0631579026316 0.0157022778401
0.162631578947 0.0789473757895 0.0196282473851
0.162631578947 0.0947368489474 0.023554056776
0.162631578947 0.110526322105 0.0274797204517
0.162631578947 0.126315795263 0.0314056168756
0.162631578947 0.142105268421 0.035331474143
0.162631578947 0.157894741579 0.0392576503557
0.162631578947 0.173684214737 0.0431839473922
0.162631578947 0.189473687895 0.0471103484321
0.162631578947 0.205263161053 0.0510369788776
0.162631578947 0.221052634211 0.0549634968388
0.162631578947 0.236842107368 0.0588902444369
0.162631578947 0.252631580526 0.0628170741444
0.162631578947 0.268421053684 0.066744019736
0.162631578947 0.284210526842 0.0706716124957
0.162631578947 0.3 0.0745993809176
0.177894736842 1e-08 2.48946319115e-09
0.177894736842 0.0157894831579 0.003931092832
0.177894736842 0.0315789563158 0.00786230794647
0.177894736842 0.0473684294737 0.0117936025703
0.177894736842 0.0631579026316 0.0157247198142
0.177894736842 0.0789473757895 0.0196560821486
0.177894736842 0.0947368489474 0.02358746704
0.177894736842 0.110526322105 0.027518822479
0.177894736842 0.126315795263 0.0314504178749
0.177894736842 0.142105268421 0.0353820917265
0.177894736842 0.157894741579 0.0393139682685
0.177894736842 0.173684214737 0.0432458824066
0.177894736842 0.189473687895 0.0471778930125
0.177894736842 0.205263161053 0.0511103528593
0.177894736842 0.221052634211 0.0550428736447
0.177894736842 0.236842107368 0.0589756764715
0.177894736842 0.252631580526 0.0629086017887
0.177894736842 0.268421053684 0.0668417164268
0.177894736842 0.284210526842 0.0707750611192
0.177894736842 0.3 0.0747087860061
0.193157894737 1e-08 2.4934901921e-09
0.193157894737 0.0157894831579 0.00393759971299
0.193157894737 0.0315789563158 0.00787503743023
0.193157894737 0.0473684294737 0.0118125773525
0.193157894737 0.0631579026316 0.0157501167485
0.193157894737 0.0789473757895 0.0196876147043
0.193157894737 0.0947368489474 0.0236253189435
0.193157894737 0.110526322105 0.0275633580134
0.193157894737 0.126315795263 0.0315012304276
0.193157894737 0.142105268421 0.035439340586
0.193157894737 0.157894741579 0.0393776199706
0.193157894737 0.173684214737 0.0433159771303
0.193157894737 0.189473687895 0.0472544497691
0.193157894737 0.205263161053 0.0511932484779
0.193157894737 0.221052634211 0.0551321053903
0.193157894737 0.236842107368 0.0590715780889
0.193157894737 0.252631580526 0.0630110088851
0.193157894737 0.268421053684 0.0669507626121
0.193157894737 0.284210526842 0.0708907812058
0.193157894737 0.3 0.0748311496207
0.208421052632 1e-08 2.49795606422e-09
0.208421052632 0.0157894831579 0.00394461932409
0.208421052632 0.0315789563158 0.00788913984228
0.208421052632 0.0473684294737 0.0118335085003
0.208421052632 0.0631579026316 0.0157781501334
0.208421052632 0.0789473757895 0.0197227893861
0.208421052632 0.0947368489474 0.0236676318849
0.208421052632 0.110526322105 0.0276124541856
0.208421052632 0.126315795263 0.0315575102313
0.208421052632 0.142105268421 0.0355026561363
0.208421052632 0.157894741579 0.0394481060945
0.208421052632 0.173684214737 0.0433935445342
0.208421052632 0.189473687895 0.047339186693
0.208421052632 0.205263161053 0.0512850203981
0.208421052632 0.221052634211 0.0552311374101
0.208421052632 0.236842107368 0.0591774062084
0.208421052632 0.252631580526 0.0631241603378
0.208421052632 0.268421053684 0.0670712584298
0.208421052632 0.284210526842 0.0710184741392
0.208421052632 0.3 0.0749659915291
0.223684210526 1e-08 2.50281539937e-09
0.223684210526 0.0157894831579 0.00395214039084
0.223684210526 0.0315789563158 0.00790433292632
0.223684210526 0.0473684294737 0.011856483056
0.223684210526 0.0631579026316 0.0158088365305
0.223684210526 0.0789473757895 0.0197611139272
0.223684210526 0.0947368489474 0.0237135537426
0.223684210526 0.110526322105 0.0276662352877
0.223684210526 0.126315795263 0.0316188317111
0.223684210526 0.142105268421 0.0355714483257
0.223684210526 0.157894741579 0.0395245583724
0.223684210526 0.173684214737 0.0434777855019
0.223684210526 0.189473687895 0.0474311922243
0.223684210526 0.205263161053 0.0513846437728
0.223684210526 0.221052634211 0.0553385110991
0.223684210526 0.236842107368 0.0592926797357
0.223684210526 0.252631580526 0.0632469095259
0.223684210526 0.268421053684 0.0672014930992
0.223684210526 0.284210526842 0.0711563563029
0.223684210526 0.3 0.0751115526169
0.238947368421 1e-08 2.50800447077e-09
0.238947368421 0.0157894831579 0.00396030482271
0.238947368421 0.0315789563158 0.00792068264523
0.238947368421 0.0473684294737 0.0118809872163
0.238947368421 0.0631579026316 0.0158416116522
0.238947368421 0.0789473757895 0.0198023086178
0.238947368421 0.0947368489474 0.0237628504729
0.238947368421 0.110526322105 0.0277234899528
0.238947368421 0.126315795263 0.0316841542924
0.238947368421 0.142105268421 0.0356450108171
0.238947368421 0.157894741579 0.0396060935628
0.238947368421 0.173684214737 0.0435673034995
0.238947368421 0.189473687895 0.0475288055449
0.238947368421 0.205263161053 0.0514905485491
0.238947368421 0.221052634211 0.0554522602725
0.238947368421 0.236842107368 0.0594143077078
0.238947368421 0.252631580526 0.0633766009499
0.238947368421 0.268421053684 0.0673391869469
0.238947368421 0.284210526842 0.0713018644689
0.238947368421 0.3 0.075265054766
0.254210526316 1e-08 2.51345622093e-09
0.254210526316 0.0157894831579 0.00396879449337
0.254210526316 0.0315789563158 0.00793763583852
0.254210526316 0.0473684294737 0.0119065870818
0.254210526316 0.0631579026316 0.0158753542905
0.254210526316 0.0789473757895 0.0198443783656
0.254210526316 0.0947368489474 0.0238135401325
0.254210526316 0.110526322105 0.0277827628282
0.254210526316 0.126315795263 0.0317519676464
0.254210526316 0.142105268421 0.035721376327
0.254210526316 0.157894741579 0.0396909717216
0.254210526316 0.173684214737 0.0436606746512
0.254210526316 0.189473687895 0.0476304849328
0.254210526316 0.205263161053 0.0516005349636
0.254210526316 0.221052634211 0.0555706839252
0.254210526316 0.236842107368 0.0595411425417
0.254210526316 0.252631580526 0.0635116700597
0.254210526316 0.268421053684 0.0674823797532
0.254210526316 0.284210526842 0.0714535905616
0.254210526316 0.3 0.075424885843
0.269473684211 1e-08 2.51902654291e-09
0.269473684211 0.0157894831579 0.00397771217781
0.269473684211 0.0315789563158 0.00795533008681
0.269473684211 0.0473684294737 0.0119328982676
0.269473684211 0.0631579026316 0.0159105353577
0.269473684211 0.0789473757895 0.0198883309203
0.269473684211 0.0947368489474 0.023865934688
0.269473684211 0.110526322105 0.0278438857498
0.269473684211 0.126315795263 0.0318219670809
0.269473684211 0.142105268421 0.0358000307935
0.269473684211 0.157894741579 0.0397781548798
0.269473684211 0.173684214737 0.0437563733004
0.269473684211 0.189473687895 0.047734712831
0.269473684211 0.205263161053 0.0517131499786
0.269473684211 0.221052634211 0.0556918445902
0.269473684211 0.236842107368 0.0596708134623
0.269473684211 0.252631580526 0.0636498849796
0.269473684211 0.268421053684 0.067629059552
0.269473684211 0.284210526842 0.0716084209488
0.269473684211 0.3 0.075587927279
0.284736842105 1e-08 2.52468712603e-09
0.284736842105 0.0157894831579 0.00398651058345
0.284736842105 0.0315789563158 0.00797307612314
0.284736842105 0.0473684294737 0.0119596166798
0.284736842105 0.0631579026316 0.0159461448506
0.284736842105 0.0789473757895 0.0199327786282
0.284736842105 0.0947368489474 0.0239194103251
0.284736842105 0.110526322105 0.0279060573511
0.284736842105 0.126315795263 0.0318927565039
0.284736842105 0.142105268421 0.0358796319941
0.284736842105 0.157894741579 0.0398664905356
0.284736842105 0.173684214737 0.0438534504191
0.284736842105 0.189473687895 0.0478403764999
0.284736842105 0.205263161053 0.0518274229985
0.284736842105 0.221052634211 0.055814659623
0.284736842105 0.236842107368 0.0598018363677
0.284736842105 0.252631580526 0.0637893014599
0.284736842105 0.268421053684 0.0677767753659
0.284736842105 0.284210526842 0.0717641957463
0.284736842105 0.3 0.0757517803345
0.3 1e-08 2.53030507658e-09
0.3 0.0157894831579 0.00399533037275
0.3 0.0315789563158 0.00799070019926
0.3 0.0473684294737 0.011986147339
0.3 0.0631579026316 0.015981598986
0.3 0.0789473757895 0.0199770958548
0.3 0.0947368489474 0.0239725523132
0.3 0.110526322105 0.0279679661647
0.3 0.126315795263 0.0319633222981
0.3 0.142105268421 0.0359586909563
0.3 0.157894741579 0.0399542423364
0.3 0.173684214737 0.0439497490829
0.3 0.189473687895 0.0479453090733
0.3 0.205263161053 0.0519409497286
0.3 0.221052634211 0.0559364710952
0.3 0.236842107368 0.0599319863621
0.3 0.252631580526 0.0639274793578
0.3 0.268421053684 0.0679229348375
0.3 0.284210526842 0.0719185725222
0.3 0.3 0.075914191223
