# Temp,hmesh,chiz
0.01 1e-08 0.196288474363
0.01 0.0157894831579 0.20323095159
0.01 0.0315789563158 0.248781311809
0.01 0.0473684294737 0.282871769844
0.01 0.0631579026316 0.254537713777
0.01 0.0789473757895 0.257843774862
0.01 0.0947368489474 0.279029715705
0.01 0.110526322105 0.237675128891
0.01 0.126315795263 0.202582807371
0.01 0.142105268421 0.214717647878
0.01 0.157894741579 0.261312376248
0.01 0.173684214737 0.272605088364
0.01 0.189473687895 0.242559585927
0.01 0.205263161053 0.267193718778
0.01 0.221052634211 0.273152811133
0.01 0.236842107368 0.231773136693
0.01 0.252631580526 0.215377221559
0.01 0.268421053684 0.234893935238
0.01 0.284210526842 0.255195149371
0.01 0.3 0.231546186358
0.0252631578947 1e-08 0.23982296149
0.0252631578947 0.0157894831579 0.240739359751
0.0252631578947 0.0315789563158 0.245117823593
0.0252631578947 0.0473684294737 0.250170098064
0.0252631578947 0.0631579026316 0.252777658508
0.0252631578947 0.0789473757895 0.252440722215
0.0252631578947 0.0947368489474 0.249337080653
0.0252631578947 0.110526322105 0.244410153315
0.0252631578947 0.126315795263 0.241007806964
0.0252631578947 0.142105268421 0.241891858498
0.0252631578947 0.157894741579 0.245930627133
0.0252631578947 0.173684214737 0.249692663931
0.0252631578947 0.189473687895 0.251564778857
0.0252631578947 0.205263161053 0.251655849344
0.0252631578947 0.221052634211 0.249383491504
0.0252631578947 0.236842107368 0.245460999628
0.0252631578947 0.252631580526 0.24274065914
0.0252631578947 0.268421053684 0.242743066957
0.0252631578947 0.284210526842 0.244472103324
0.0252631578947 0.3 0.247011169752
0.0405263157895 1e-08 0.246164688633
0.0405263157895 0.0157894831579 0.246289959151
0.0405263157895 0.0315789563158 0.246803809315
0.0405263157895 0.0473684294737 0.247513307395
0.0405263157895 0.0631579026316 0.247999935173
0.0405263157895 0.0789473757895 0.247972668086
0.0405263157895 0.0947368489474 0.247453064997
0.0405263157895 0.110526322105 0.246783499623
0.0405263157895 0.126315795263 0.246331803739
0.0405263157895 0.142105268421 0.246373361456
0.0405263157895 0.157894741579 0.246842276077
0.0405263157895 0.173684214737 0.247443581131
0.0405263157895 0.189473687895 0.247882877073
0.0405263157895 0.205263161053 0.247899488234
0.0405263157895 0.221052634211 0.247521359829
0.0405263157895 0.236842107368 0.246944018581
0.0405263157895 0.252631580526 0.246505580677
0.0405263157895 0.268421053684 0.246381800758
0.0405263157895 0.284210526842 0.246659707467
0.0405263157895 0.3 0.247207147612
0.0557894736842 1e-08 0.247079290361
0.0557894736842 0.0157894831579 0.247109171
0.0557894736842 0.0315789563158 0.247187126513
0.0557894736842 0.0473684294737 0.247267829572
0.0557894736842 0.0631579026316 0.247334324916
0.0557894736842 0.0789473757895 0.247318406465
0.0557894736842 0.0947368489474 0.247270647261
0.0557894736842 0.110526322105 0.24718600179
0.0557894736842 0.126315795263 0.247116738444
0.0557894736842 0.142105268421 0.247118245053
0.0557894736842 0.157894741579 0.247194852449
0.0557894736842 0.173684214737 0.24726196136
0.0557894736842 0.189473687895 0.247318900393
0.0557894736842 0.205263161053 0.247323126129
0.0557894736842 0.221052634211 0.247288773976
0.0557894736842 0.236842107368 0.247203523889
0.0557894736842 0.252631580526 0.247135264773
0.0557894736842 0.268421053684 0.247141488069
0.0557894736842 0.284210526842 0.247166653854
0.0557894736842 0.3 0.247248535621
0.0710526315789 1e-08 0.247290321553
0.0710526315789 0.0157894831579 0.247326976579
0.0710526315789 0.0315789563158 0.247313867811
0.0710526315789 0.0473684294737 0.247331931655
0.0710526315789 0.0631579026316 0.247329399877
0.0710526315789 0.0789473757895 0.247337581999
0.0710526315789 0.0947368489474 0.247331126233
0.0710526315789 0.110526322105 0.247329238375
0.0710526315789 0.126315795263 0.247325277781
0.0710526315789 0.142105268421 0.247321072786
0.0710526315789 0.157894741579 0.24732369107
0.0710526315789 0.173684214737 0.247326809056
0.0710526315789 0.189473687895 0.247348563645
0.0710526315789 0.205263161053 0.247342595132
0.0710526315789 0.221052634211 0.247344785245
0.0710526315789 0.236842107368 0.247336686514
0.0710526315789 0.252631580526 0.247335161407
0.0710526315789 0.268421053684 0.247334678961
0.0710526315789 0.284210526842 0.247326558587
0.0710526315789 0.3 0.247352465365
0.0863157894737 1e-08 0.247433040723
0.0863157894737 0.0157894831579 0.247453882188
0.0863157894737 0.0315789563158 0.247450935765
0.0863157894737 0.0473684294737 0.247467005354
0.0863157894737 0.0631579026316 0.247467494843
0.0863157894737 0.0789473757895 0.247452814843
0.0863157894737 0.0947368489474 0.247463060924
0.0863157894737 0.110526322105 0.247452569338
0.0863157894737 0.126315795263 0.24745771611
0.0863157894737 0.142105268421 0.247463271745
0.0863157894737 0.157894741579 0.247472741987
0.0863157894737 0.173684214737 0.247467273116
0.0863157894737 0.189473687895 0.247458949244
0.0863157894737 0.205263161053 0.247471609982
0.0863157894737 0.221052634211 0.2474823989
0.0863157894737 0.236842107368 0.247469268818
0.0863157894737 0.252631580526 0.247477898461
0.0863157894737 0.268421053684 0.247473042694
0.0863157894737 0.284210526842 0.247487427671
0.0863157894737 0.3 0.24748545574
0.101578947368 1e-08 0.247591558367
0.101578947368 0.0157894831579 0.247620763058
0.101578947368 0.0315789563158 0.247605261945
0.101578947368 0.0473684294737 0.247615994363
0.101578947368 0.0631579026316 0.247629467774
0.101578947368 0.0789473757895 0.247626577181
0.101578947368 0.0947368489474 0.247618162485
0.101578947368 0.110526322105 0.247619672191
0.101578947368 0.126315795263 0.247624677465
0.101578947368 0.142105268421 0.247615233758
0.101578947368 0.157894741579 0.247617552959
0.101578947368 0.173684214737 0.247633045827
0.101578947368 0.189473687895 0.247639426964
0.101578947368 0.205263161053 0.247651060362
0.101578947368 0.221052634211 0.247635958664
0.101578947368 0.236842107368 0.247629998707
0.101578947368 0.252631580526 0.24764212068
0.101578947368 0.268421053684 0.24763975326
0.101578947368 0.284210526842 0.247660463846
0.101578947368 0.3 0.24765519715
0.116842105263 1e-08 0.247779807783
0.116842105263 0.0157894831579 0.24780036257
0.116842105263 0.0315789563158 0.247813405305
0.116842105263 0.0473684294737 0.247811167573
0.116842105263 0.0631579026316 0.247811920035
0.116842105263 0.0789473757895 0.247806324064
0.116842105263 0.0947368489474 0.247816008475
0.116842105263 0.110526322105 0.247813495378
0.116842105263 0.126315795263 0.247817696111
0.116842105263 0.142105268421 0.247810549195
0.116842105263 0.157894741579 0.247827017439
0.116842105263 0.173684214737 0.247838186275
0.116842105263 0.189473687895 0.247823506123
0.116842105263 0.205263161053 0.247830295457
0.116842105263 0.221052634211 0.247841902056
0.116842105263 0.236842107368 0.247850142175
0.116842105263 0.252631580526 0.247836655134
0.116842105263 0.268421053684 0.247855505604
0.116842105263 0.284210526842 0.24786529768
0.116842105263 0.3 0.24787668146
0.132105263158 1e-08 0.248005482817
0.132105263158 0.0157894831579 0.248042872877
0.132105263158 0.0315789563158 0.248042428075
0.132105263158 0.0473684294737 0.248024848267
0.132105263158 0.0631579026316 0.248033180036
0.132105263158 0.0789473757895 0.248034312953
0.132105263158 0.0947368489474 0.248035478776
0.132105263158 0.110526322105 0.248043276548
0.132105263158 0.126315795263 0.248058024874
0.132105263158 0.142105268421 0.248078698165
0.132105263158 0.157894741579 0.248049486729
0.132105263158 0.173684214737 0.248059381887
0.132105263158 0.189473687895 0.248064938471
0.132105263158 0.205263161053 0.248063610693
0.132105263158 0.221052634211 0.248079641087
0.132105263158 0.236842107368 0.248104870206
0.132105263158 0.252631580526 0.248113188365
0.132105263158 0.268421053684 0.24809784622
0.132105263158 0.284210526842 0.248100876877
0.132105263158 0.3 0.248110895929
0.147368421053 1e-08 0.248273335224
0.147368421053 0.0157894831579 0.248314539742
0.147368421053 0.0315789563158 0.248311851674
0.147368421053 0.0473684294737 0.248311412267
0.147368421053 0.0631579026316 0.248302078994
0.147368421053 0.0789473757895 0.248312307355
0.147368421053 0.0947368489474 0.24834092818
0.147368421053 0.110526322105 0.24830627999
0.147368421053 0.126315795263 0.248315010135
0.147368421053 0.142105268421 0.248324253912
0.147368421053 0.157894741579 0.248339961668
0.147368421053 0.173684214737 0.248330244529
0.147368421053 0.189473687895 0.248358404514
0.147368421053 0.205263161053 0.248337917077
0.147368421053 0.221052634211 0.248361108843
0.147368421053 0.236842107368 0.248372068382
0.147368421053 0.252631580526 0.248377527891
0.147368421053 0.268421053684 0.248382001429
0.147368421053 0.284210526842 0.248413097594
0.147368421053 0.3 0.248406936523
0.162631578947 1e-08 0.248588272189
0.162631578947 0.0157894831579 0.248617731329
0.162631578947 0.0315789563158 0.248621218489
0.162631578947 0.0473684294737 0.248607097114
0.162631578947 0.0631579026316 0.248631425315
0.162631578947 0.0789473757895 0.248644746138
0.162631578947 0.0947368489474 0.248634603046
0.162631578947 0.110526322105 0.248625374418
0.162631578947 0.126315795263 0.248640115131
0.162631578947 0.142105268421 0.248637635225
0.162631578947 0.157894741579 0.248657835094
0.162631578947 0.173684214737 0.248665487266
0.162631578947 0.189473687895 0.248672074148
0.162631578947 0.205263161053 0.248686603171
0.162631578947 0.221052634211 0.248679479168
0.162631578947 0.236842107368 0.248694022836
0.162631578947 0.252631580526 0.2486992231
0.162631578947 0.268421053684 0.248706562422
0.162631578947 0.284210526842 0.248747549744
0.162631578947 0.3 0.248758675007
0.177894736842 1e-08 0.248946319115
0.177894736842 0.0157894831579 0.248969063326
0.177894736842 0.0315789563158 0.248976965549
0.177894736842 0.0473684294737 0.248982001143
0.177894736842 0.0631579026316 0.248970767082
0.177894736842 0.0789473757895 0.248986289477
0.177894736842 0.0947368489474 0.248987718088
0.177894736842 0.110526322105 0.248985852767
0.177894736842 0.126315795263 0.249001050042
0.177894736842 0.142105268421 0.249006018901
0.177894736842 0.157894741579 0.249018855959
0.177894736842 0.173684214737 0.249021237046
0.177894736842 0.189473687895 0.249027346675
0.177894736842 0.205263161053 0.249055798603
0.177894736842 0.221052634211 0.249059658044
0.177894736842 0.236842107368 0.249077520662
0.177894736842 0.252631580526 0.249085278393
0.177894736842 0.268421053684 0.249097268717
0.177894736842 0.284210526842 0.249111838822
0.177894736842 0.3 0.249135917811
0.193157894737 1e-08 0.24934901921
0.193157894737 0.0157894831579 0.249381165548
0.193157894737 0.0315789563158 0.249371063737
0.193157894737 0.0473684294737 0.249377536726
0.193157894737 0.0631579026316 0.249377503389
0.193157894737 0.0789473757895 0.249374878844
0.193157894737 0.0947368489474 0.249387943464
0.193157894737 0.110526322105 0.249409149407
0.193157894737 0.126315795263 0.249398594545
0.193157894737 0.142105268421 0.249413651682
0.193157894737 0.157894741579 0.249424369338
0.193157894737 0.173684214737 0.249429295097
0.193157894737 0.189473687895 0.249436608773
0.193157894737 0.205263161053 0.249457259873
0.193157894737 0.221052634211 0.249460946097
0.193157894737 0.236842107368 0.249499945896
0.193157894737 0.252631580526 0.249497292073
0.193157894737 0.268421053684 0.249517744364
0.193157894737 0.284210526842 0.249534519252
0.193157894737 0.3 0.249556674596
0.208421052632 1e-08 0.249795606422
0.208421052632 0.0157894831579 0.24982574065
0.208421052632 0.0315789563158 0.249819641146
0.208421052632 0.0473684294737 0.249810023334
0.208421052632 0.0631579026316 0.24982731176
0.208421052632 0.0789473757895 0.249827160999
0.208421052632 0.0947368489474 0.249840033248
0.208421052632 0.110526322105 0.249838754039
0.208421052632 0.126315795263 0.249853557889
0.208421052632 0.142105268421 0.249859248977
0.208421052632 0.157894741579 0.249878505686
0.208421052632 0.173684214737 0.249877776175
0.208421052632 0.189473687895 0.249890678384
0.208421052632 0.205263161053 0.249902809654
0.208421052632 0.221052634211 0.249920752428
0.208421052632 0.236842107368 0.249930365555
0.208421052632 0.252631580526 0.249961103193
0.208421052632 0.268421053684 0.249982887491
0.208421052632 0.284210526842 0.249990336595
0.208421052632 0.3 0.250009443029
0.223684210526 1e-08 0.250281539937
0.223684210526 0.0157894831579 0.250302074585
0.223684210526 0.0315789563158 0.250305535591
0.223684210526 0.0473684294737 0.250302849891
0.223684210526 0.0631579026316 0.250315728391
0.223684210526 0.0789473757895 0.250310910136
0.223684210526 0.0947368489474 0.250321196652
0.223684210526 0.110526322105 0.250336506204
0.223684210526 0.126315795263 0.250331115157
0.223684210526 0.142105268421 0.250332393939
0.223684210526 0.157894741579 0.250363644637
0.223684210526 0.173684214737 0.250371059879
0.223684210526 0.189473687895 0.250382434099
0.223684210526 0.205263161053 0.250385273084
0.223684210526 0.221052634211 0.25041160568
0.223684210526 0.236842107368 0.250430688665
0.223684210526 0.252631580526 0.250434561725
0.223684210526 0.268421053684 0.250456967992
0.223684210526 0.284210526842 0.250474677913
0.223684210526 0.3 0.250495774906
0.238947368421 1e-08 0.250800447077
0.238947368421 0.0157894831579 0.250819154959
0.238947368421 0.0315789563158 0.250823937121
0.238947368421 0.0473684294737 0.250819297861
0.238947368421 0.0631579026316 0.250839555972
0.238947368421 0.0789473757895 0.250844149515
0.238947368421 0.0947368489474 0.250834325852
0.238947368421 0.110526322105 0.250840508754
0.238947368421 0.126315795263 0.2508420832
0.238947368421 0.142105268421 0.250854254928
0.238947368421 0.157894741579 0.250868582259
0.238947368421 0.173684214737 0.250876637682
0.238947368421 0.189473687895 0.250895137909
0.238947368421 0.205263161053 0.250910398629
0.238947368421 0.221052634211 0.250908417509
0.238947368421 0.236842107368 0.250929679271
0.238947368421 0.252631580526 0.250945247031
0.238947368421 0.268421053684 0.250963788175
0.238947368421 0.284210526842 0.250969584758
0.238947368421 0.3 0.251002060518
0.254210526316 1e-08 0.251345622093
0.254210526316 0.0157894831579 0.251356833773
0.254210526316 0.0315789563158 0.251359960238
0.254210526316 0.0473684294737 0.251366920456
0.254210526316 0.0631579026316 0.251355264926
0.254210526316 0.0789473757895 0.251371533137
0.254210526316 0.0947368489474 0.251380253614
0.254210526316 0.110526322105 0.25138411244
0.254210526316 0.126315795263 0.251382980198
0.254210526316 0.142105268421 0.25139589149
0.254210526316 0.157894741579 0.251407716705
0.254210526316 0.173684214737 0.251414527253
0.254210526316 0.189473687895 0.251421326216
0.254210526316 0.205263161053 0.251436510329
0.254210526316 0.221052634211 0.251442775951
0.254210526316 0.236842107368 0.251462387426
0.254210526316 0.252631580526 0.251466751192
0.254210526316 0.268421053684 0.251478288968
0.254210526316 0.284210526842 0.25151002625
0.254210526316 0.3 0.251515376203
0.269473684211 1e-08 0.251902654291
0.269473684211 0.0157894831579 0.25192162012
0.269473684211 0.0315789563158 0.251915809301
0.269473684211 0.0473684294737 0.251912659846
0.269473684211 0.0631579026316 0.251917024104
0.269473684211 0.0789473757895 0.251927060696
0.269473684211 0.0947368489474 0.251914913682
0.269473684211 0.110526322105 0.251936908978
0.269473684211 0.126315795263 0.251945159368
0.269473684211 0.142105268421 0.251944043531
0.269473684211 0.157894741579 0.251947867195
0.269473684211 0.173684214737 0.251953841705
0.269473684211 0.189473687895 0.251961512006
0.269473684211 0.205263161053 0.25196769441
0.269473684211 0.221052634211 0.251984000465
0.269473684211 0.236842107368 0.252001370305
0.269473684211 0.252631580526 0.252007871158
0.269473684211 0.268421053684 0.252014397986
0.269473684211 0.284210526842 0.252026230202
0.269473684211 0.3 0.252035409313
0.284736842105 1e-08 0.252468712603
0.284736842105 0.0157894831579 0.252478852138
0.284736842105 0.0315789563158 0.252482492596
0.284736842105 0.0473684294737 0.252480910341
0.284736842105 0.0631579026316 0.252480125898
0.284736842105 0.0789473757895 0.252486814329
0.284736842105 0.0947368489474 0.252486682554
0.284736842105 0.110526322105 0.252487653395
0.284736842105 0.126315795263 0.252490954762
0.284736842105 0.142105268421 0.252502122797
0.284736842105 0.157894741579 0.252501049377
0.284736842105 0.173684214737 0.252507467708
0.284736842105 0.189473687895 0.252505326865
0.284736842105 0.205263161053 0.252512953331
0.284736842105 0.221052634211 0.252524994634
0.284736842105 0.236842107368 0.252521202247
0.284736842105 0.252631580526 0.252539464259
0.284736842105 0.268421053684 0.252540022462
0.284736842105 0.284210526842 0.25253663251
0.284736842105 0.3 0.252547032342
0.3 1e-08 0.253030507658
0.3 0.0157894831579 0.253037438456
0.3 0.0315789563158 0.253040097447
0.3 0.0473684294737 0.253044993949
0.3 0.0631579026316 0.253045279415
0.3 0.0789473757895 0.25304814346
0.3 0.0947368489474 0.253045584132
0.3 0.110526322105 0.253042885697
0.3 0.126315795263 0.253039230217
0.3 0.142105268421 0.253040023451
0.3 0.157894741579 0.253051595846
0.3 0.173684214737 0.253048769045
0.3 0.189473687895 0.253052141159
0.3 0.205263161053 0.253057249937
0.3 0.221052634211 0.253049694985
0.3 0.236842107368 0.253049308675
0.3 0.252631580526 0.253047898162
0.3 0.268421053684 0.253045522149
0.3 0.284210526842 0.253057061797
0.3 0.3 0.25305585949
