#T,chi_para,chi_n
0.0001 0.0929112615197 -0.0
0.0082612244898 2.63281696669 -0.0
0.0164224489796 3.43215312423 -0.0
0.0245836734694 2.76246609212 7.75238443906e-06
0.0327448979592 2.05955323562 0.000386774088985
0.040906122449 1.61959113722 0.00169920273646
0.0490673469388 1.36461889501 0.0044835139266
0.0572285714286 1.2174387292 0.00927766775788
0.0653897959184 1.13320185787 0.0163663613556
0.0735510204082 1.09308134236 0.0262650175579
0.081712244898 1.0791089659 0.0388013190203
0.0898734693878 1.08492098964 0.0543180575387
0.0980346938776 1.11978749684 0.0747460703879
0.106195918367 1.17810482388 0.100576715682
0.114357142857 1.26687245766 0.133940350332
0.122518367347 1.37917213216 0.175643598376
0.130679591837 1.52670415462 0.22950980269
0.138840816327 1.77405622547 0.308943265198
0.147002040816 2.1322371765 0.42325633552
0.155163265306 2.71146890382 0.604425165997
0.163324489796 3.80835988071 0.936960993878
0.171485714286 6.70318512057 1.75659109142
0.179646938776 10.6713742428 3.71667331891
0.187808163265 11.7554802965 10.5320143746
0.195969387755 4.02561972311 4.00812724707
0.204130612245 2.36554743623 2.36332498276
0.212291836735 1.6697225639 1.66914023257
0.220453061224 1.28820639312 1.28800180255
0.228614285714 1.0474951763 1.04740279589
0.236775510204 0.881925213667 0.881876767891
0.244936734694 0.761111950961 0.761081929899
0.253097959184 0.669120792189 0.669104515891
0.261259183673 0.596766397037 0.596755808784
0.269420408163 0.538386280613 0.538378114647
0.277581632653 0.490302240255 0.490296604892
0.285742857143 0.450024630265 0.45002028528
0.293904081633 0.41580319201 0.415800453347
0.302065306122 0.386372910841 0.386370368298
0.310226530612 0.360797905102 0.36079606343
0.318387755102 0.338371231443 0.338369820234
0.326548979592 0.318549378608 0.31854823866
0.334710204082 0.300904405396 0.300903437246
0.342871428571 0.285098340447 0.285097478199
0.351032653061 0.270859684394 0.270858880812
0.359193877551 0.257968385123 0.257967879776
0.367355102041 0.246242066371 0.246241561508
0.375516326531 0.235530125128 0.2355297951
0.38367755102 0.225707090771 0.225706739002
0.39183877551 0.216667945277 0.216667556443
0.4 0.208323206159 0.208322936938
