#occupation n= 0.2 U= 3
#T,|Sz|,mu,iteration times
0.0001 0.0996996597917 -1.83893190419 200
0.0082612244898 0.100028954763 -1.83834151834 52
0.0164224489796 0.100005731954 -1.83989904944 53
0.0245836734694 0.0999748456166 -1.84090500888 47
0.0327448979592 0.0999969195539 -1.84219464339 48
0.040906122449 0.0999253853923 -1.84295637001 48
0.0490673469388 0.0997718338763 -1.84365390413 43
0.0572285714286 0.0995062513065 -1.84346309735 43
0.0653897959184 0.0989998775879 -1.84276514696 44
0.0735510204082 0.0982001979051 -1.84133908826 39
0.081712244898 0.097161585788 -1.84003246839 40
0.0898734693878 0.0958395318874 -1.83868293007 36
0.0980346938776 0.0940968264281 -1.83648984638 37
0.106195918367 0.0918990877903 -1.83401648747 38
0.114357142857 0.0891246031124 -1.83111971336 34
0.122518367347 0.0859068445384 -1.82843097919 36
0.130679591837 0.0821482617699 -1.8257645856 32
0.138840816327 0.0773818375611 -1.82224927384 37
0.147002040816 0.071678268594 -1.81873490706 43
0.155163265306 0.0647071495716 -1.8150867686 49
0.163324489796 0.0559089423942 -1.81125071351 53
0.171485714286 0.0440374513403 -1.80715731556 27
0.179646938776 0.030164572229 -1.80530927052 83
0.187808163265 0.00743866020679 -1.80533037085 185
0.195969387755 0.00239239543567 -1.81217962284 135
0.204130612245 0.0014040430834 -1.81959638967 103
0.212291836735 0.00098808583091 -1.82721918732 85
0.220453061224 0.000737836262112 -1.83502203294 74
0.228614285714 0.000593482117185 -1.84299391281 66
0.236775510204 0.000497486207781 -1.85112756528 60
0.244936734694 0.000442757299354 -1.85941454178 55
0.253097959184 0.000362200362403 -1.86784821306 52
0.261259183673 0.000320240382903 -1.87642445271 49
0.269420408163 0.000305040663584 -1.88513721188 46
0.277581632653 0.000272511298546 -1.89398034108 44
0.285742857143 0.000255515292028 -1.90295044474 42
0.293904081633 0.000215303407803 -1.91204249496 41
0.302065306122 0.000219147743952 -1.9212532693 39
0.310226530612 0.000196151735755 -1.93057738794 38
0.318387755102 0.000179906094614 -1.94001200382 37
0.326548979592 0.000168864919945 -1.94955443171 36
0.334710204082 0.000162057986926 -1.95920041138 35
0.342871428571 0.000158859784045 -1.96894693463 34
0.351032653061 0.000158937716336 -1.97879130187 33
0.359193877551 0.000130357691603 -1.98873091724 33
0.367355102041 0.000134512181835 -1.99876377155 32
0.375516326531 0.000112089499709 -2.00888549465 32
0.38367755102 0.000119090697417 -2.01909497599 31
0.39183877551 0.000128674388555 -2.02939048408 30
0.4 0.000109894554851 -2.0397695366 30
