-8.0 6.1895715284e-05
-7.83838383838 6.51780966833e-05
-7.67676767677 6.87536094042e-05
-7.51515151515 7.26613372819e-05
-7.35353535354 7.69476041433e-05
-7.19191919192 8.16677463012e-05
-7.0303030303 8.68884380479e-05
-6.86868686869 9.26907842334e-05
-6.70707070707 9.91744948986e-05
-6.54545454545 0.000106463614885
-6.38383838384 0.000114714534774
-6.22222222222 0.00012412742734
-6.06060606061 0.000134962964042
-5.89898989899 0.000147567416185
-5.73737373737 0.000162411534496
-5.57575757576 0.000180152988367
-5.41414141414 0.000201741017412
-5.25252525253 0.000228601059538
-5.09090909091 0.000262981569429
-4.92929292929 0.000308658894616
-4.76767676768 0.000372523985386
-4.60606060606 0.000468685759671
-4.44444444444 0.000631455171226
-4.28282828283 0.000972488458572
-4.12121212121 0.00218975590767
-3.9595959596 0.0738379704719
-3.79797979798 0.0803426474503
-3.63636363636 0.0826412109502
-3.47474747475 0.0847013068977
-3.31313131313 0.0867777392769
-3.15151515152 0.0889121059164
-2.9898989899 0.091204332487
-2.82828282828 0.0935906197583
-2.66666666667 0.0961798018457
-2.50505050505 0.0988515953524
-2.34343434343 0.101812978102
-2.18181818182 0.105022140777
-2.0202020202 0.108480017427
-1.85858585859 0.11226392829
-1.69696969697 0.116516575417
-1.53535353535 0.121154750144
-1.37373737374 0.126435954415
-1.21212121212 0.132253161542
-1.05050505051 0.139266841774
-0.888888888889 0.147379145231
-0.727272727273 0.157159844173
-0.565656565657 0.169561530213
-0.40404040404 0.186364329689
-0.242424242424 0.212066911803
-0.0808080808081 0.267338042012
0.0808080808081 0.268392590072
0.242424242424 0.212719112444
0.40404040404 0.186880081048
0.565656565657 0.170016882518
0.727272727273 0.157560649678
0.888888888889 0.147750365783
1.05050505051 0.139614746931
1.21212121212 0.13267259892
1.37373737374 0.12676108422
1.53535353535 0.121564281761
1.69696969697 0.116878410261
1.85858585859 0.112661839878
2.0202020202 0.108907330273
2.18181818182 0.105401481197
2.34343434343 0.102173512901
2.50505050505 0.0992727382557
2.66666666667 0.0964467981243
2.82828282828 0.0939346429751
2.9898989899 0.0915502504223
3.15151515152 0.0893360452509
3.31313131313 0.0871991376898
3.47474747475 0.085175524893
3.63636363636 0.0831931745282
3.79797979798 0.081068191512
3.9595959596 0.0753948963905
4.12121212121 0.0022278197381
4.28282828283 0.000983220992175
4.44444444444 0.000636891068396
4.60606060606 0.000472079000697
4.76767676768 0.000374883645792
4.92929292929 0.000310411707764
5.09090909091 0.000264342848644
5.25252525253 0.000229692704085
5.41414141414 0.000202637889905
5.57575757576 0.000180903937802
5.73737373737 0.000163049967258
5.89898989899 0.000148117048819
6.06060606061 0.000135441155602
6.22222222222 0.000124547209903
6.38383838384 0.000115085903629
6.54545454545 0.000106794377751
6.70707070707 9.94708479587e-05
6.86868686869 9.29577131654e-05
7.0303030303 8.71300036141e-05
7.19191919192 8.18872918298e-05
7.35353535354 7.71479089531e-05
7.51515151515 7.28447319402e-05
7.67676767677 6.89220635483e-05
7.83838383838 6.53332867991e-05
8.0 6.20390776277e-05
