#occupation n= 1.0 U= 6.0
#|mQ|,F_afm
0.0 -3.06705551688
0.0262631578947 -3.24118770448
0.0525263157895 -3.42993121253
0.0787894736842 -3.62534761815
0.105052631579 -3.82391674439
0.131315789474 -4.02344130385
0.157578947368 -4.22237582001
0.183842105263 -4.41955867881
0.210105263158 -4.61407929342
0.236368421053 -4.80520295437
0.262631578947 -4.99232434782
0.288894736842 -5.1749368746
0.315157894737 -5.35261136499
0.341421052632 -5.52498071796
0.367684210526 -5.69172845632
0.393947368421 -5.85257997246
0.420210526316 -6.00729568491
0.446473684211 -6.15566559011
0.472736842105 -6.29750485833
0.499 -6.43265022746
