#occupation n= 1.0 U= 3.0
#|mQ|,F_afm
0.0 -2.31705551688
0.0262631578947 -2.40022390357
0.0525263157895 -2.4870491837
0.0787894736842 -2.57510307291
0.105052631579 -2.66337712942
0.131315789474 -2.7512037853
0.157578947368 -2.83810093116
0.183842105263 -2.92369853422
0.210105263158 -3.00770041198
0.236368421053 -3.08986230944
0.262631578947 -3.16997828446
0.288894736842 -3.24787171548
0.315157894737 -3.32338907209
0.341421052632 -3.39639543301
0.367684210526 -3.4667711608
0.393947368421 -3.53440937098
0.420210526316 -3.59921396378
0.446473684211 -3.66109806512
0.472736842105 -3.71998277155
0.499 -3.77579612584
