#occupation n= 1.0 U= 12.0
#|mQ|,F_afm
0.0 -4.56705551688
0.0262631578947 -4.93820825408
0.0525263157895 -5.35702491059
0.0787894736842 -5.79686919397
0.105052631579 -6.24651195824
0.131315789474 -6.6992503866
0.157578947368 -7.15058486083
0.183842105263 -7.59730349233
0.210105263158 -8.03702634419
0.236368421053 -8.46794522398
0.262631578947 -8.88866117304
0.288894736842 -9.29807651619
0.315157894737 -9.69531997737
0.341421052632 -10.0796930917
0.367684210526 -10.45063097
0.393947368421 -10.807673067
0.420210526316 -11.1504411019
0.446473684211 -11.4786221907
0.472736842105 -11.7919558346
0.499 -12.0902237972
