#occupation n= 1.0 U= 1.0
#|mQ|,F_afm
0.0 -1.81705551688
0.0262631578947 -1.84336691502
0.0525263157895 -1.86997975744
0.0787894736842 -1.8960853828
0.105052631579 -1.92158698379
0.131315789474 -1.94641028515
0.157578947368 -1.9704951006
0.183842105263 -1.99379146912
0.210105263158 -2.01625724352
0.236368421053 -2.03785638593
0.262631578947 -2.05855770306
0.288894736842 -2.07833388946
0.315157894737 -2.09716079701
0.341421052632 -2.11501687267
0.367684210526 -2.13188272182
0.393947368421 -2.14774076591
0.420210526316 -2.16257497085
0.446473684211 -2.17637062915
0.472736842105 -2.18911418324
0.499 -2.20079308041
