#occupation n= 1.0 U= 9.0
#|mQ|,F_afm
0.0 -3.81705551688
0.0262631578947 -4.08751863524
0.0525263157895 -4.38776318047
0.0787894736842 -4.70160237039
0.105052631579 -5.02203806932
0.131315789474 -5.34479842915
0.157578947368 -5.66694301532
0.183842105263 -5.98631329296
0.210105263158 -6.30126036221
0.236368421053 -6.61049048233
0.262631578947 -6.91296903063
0.288894736842 -7.20785672001
0.315157894737 -7.4944651021
0.341421052632 -7.77222434101
0.367684210526 -8.04065919289
0.393947368421 -8.29937069834
0.420210526316 -8.54802198291
0.446473684211 -8.78632709048
0.472736842105 -9.01404210259
0.499 -9.2309580107
