#occupation n= 1.0 U= 9.0
#|m|,F_fm
0.0 -3.81740414629
0.0262631578947 -3.88662529506
0.0525263157895 -3.92052910473
0.0787894736842 -3.95451038126
0.105052631579 -4.00566305227
0.131315789474 -4.03719434639
0.157578947368 -4.05703917503
0.183842105263 -4.08595521762
0.210105263158 -4.14592864399
0.236368421053 -4.20989734316
0.262631578947 -4.23034441256
0.288894736842 -4.27650695341
0.315157894737 -4.32939315038
0.341421052632 -4.33156695946
0.367684210526 -4.35867429681
0.393947368421 -4.3955089619
0.420210526316 -4.40151711503
0.446473684211 -4.42466096237
0.472736842105 -4.46264277028
0.499 -4.31663854028
