#occupation n= 1.0 U= 1.0
#|m|,F_fm
0.0 -1.81740414629
0.0262631578947 -1.84235417386
0.0525263157895 -1.86621709251
0.0787894736842 -1.88983868456
0.105052631579 -1.88589868305
0.131315789474 -1.8689143621
0.157578947368 -1.85416183214
0.183842105263 -1.83810228883
0.210105263158 -1.83765098884
0.236368421053 -1.83696304575
0.262631578947 -1.83480821684
0.288894736842 -1.83088444444
0.315157894737 -1.82997174624
0.341421052632 -1.80572846617
0.367684210526 -1.7806433585
0.393947368421 -1.75235495155
0.420210526316 -1.74557226842
0.446473684211 -1.73801215626
0.472736842105 -1.7218801075
0.499 -1.7115365525
