#occupation n= 1.0 U= 6.0
#|m|,F_fm
0.0 -3.06740414629
0.0262631578947 -3.12485443601
0.0525263157895 -3.16274216175
0.0787894736842 -3.1581135424
0.105052631579 -3.16969765251
0.131315789474 -3.18203327714
0.157578947368 -3.20600080296
0.183842105263 -3.20318221496
0.210105263158 -3.2073958616
0.236368421053 -3.19529911409
0.262631578947 -3.22354938902
0.288894736842 -3.21949567235
0.315157894737 -3.19727964675
0.341421052632 -3.18416631352
0.367684210526 -3.1926937154
0.393947368421 -3.16995535439
0.420210526316 -3.15354783184
0.446473684211 -3.13090768461
0.472736842105 -3.13243290662
0.499 -3.08921788815
