#occupation n= 1.0 U= 12.0
#|m|,F_fm
0.0 -4.56740414629
0.0262631578947 -4.6710192033
0.0525263157895 -4.70280581872
0.0787894736842 -4.78049417692
0.105052631579 -4.83982852642
0.131315789474 -4.9304754278
0.157578947368 -4.9952531426
0.183842105263 -5.09826875141
0.210105263158 -5.18385051728
0.236368421053 -5.30287327227
0.262631578947 -5.36132627867
0.288894736842 -5.48217081645
0.315157894737 -5.54881510949
0.341421052632 -5.71341061542
0.367684210526 -5.87590436358
0.393947368421 -5.9103133919
0.420210526316 -5.91925488624
0.446473684211 -6.05226696948
0.472736842105 -6.77333289974
0.499 -7.23545334379
