#occupation n= 1.0 U= 3.0
#|m|,F_fm
0.0 -2.31740414629
0.0262631578947 -2.39397720533
0.0525263157895 -2.37071591524
0.0787894736842 -2.37420973273
0.105052631579 -2.39618807865
0.131315789474 -2.35581797094
0.157578947368 -2.37086685542
0.183842105263 -2.37151286514
0.210105263158 -2.3534813201
0.236368421053 -2.34277032032
0.262631578947 -2.32857025774
0.288894736842 -2.32310029678
0.315157894737 -2.30701405504
0.341421052632 -2.24478920918
0.367684210526 -2.25039469695
0.393947368421 -2.22680528822
0.420210526316 -2.19253053196
0.446473684211 -2.15938479813
0.472736842105 -2.11007893126
0.499 -2.08617426023
